# unix_time, cycles_done, cur_path, paths_total, pending_total, pending_favs, map_size, unique_crashes, unique_hangs, max_depth, execs_per_sec
1708903638, 0, 0, 2, 2, 2, 0.03%, 0, 0, 1, 761.90
1708903643, 0, 6, 27, 21, 20, 0.12%, 2, 0, 2, 1569.54
1708903649, 0, 21, 29, 9, 8, 0.14%, 8, 0, 2, 1667.36
1708903654, 1, 1, 31, 1, 0, 0.14%, 11, 0, 3, 1702.86
1708903659, 2, 10, 32, 1, 0, 0.14%, 11, 0, 3, 1689.84
1708903664, 2, 25, 32, 0, 0, 0.14%, 13, 0, 3, 1964.43
1708903669, 3, 13, 32, 0, 0, 0.14%, 14, 0, 3, 1928.95
1708903674, 3, 28, 32, 0, 0, 0.14%, 14, 0, 3, 2052.04
1708903679, 4, 2, 33, 0, 0, 0.14%, 14, 0, 4, 1678.47
1708903684, 4, 33, 34, 1, 1, 0.15%, 15, 0, 4, 1910.12
1708903689, 5, 19, 34, 0, 0, 0.15%, 15, 0, 4, 1852.38
1708903694, 5, 32, 34, 0, 0, 0.15%, 15, 0, 4, 1954.68
1708903699, 6, 14, 34, 0, 0, 0.15%, 15, 0, 4, 2018.33
1708903705, 6, 26, 34, 0, 0, 0.15%, 15, 0, 4, 1759.02
1708903710, 7, 1, 34, 0, 0, 0.15%, 15, 0, 4, 1966.70
1708903715, 7, 19, 34, 0, 0, 0.15%, 15, 0, 4, 1707.22
1708903720, 7, 32, 34, 0, 0, 0.15%, 15, 0, 4, 2002.05
1708903725, 8, 15, 34, 0, 0, 0.15%, 15, 0, 4, 1743.46
1708903730, 8, 28, 34, 0, 0, 0.15%, 15, 0, 4, 1900.97
1708903735, 9, 8, 34, 0, 0, 0.15%, 15, 0, 4, 1697.37
1708903740, 9, 26, 34, 0, 0, 0.15%, 15, 0, 4, 2004.09
1708903745, 9, 33, 34, 0, 0, 0.15%, 15, 0, 4, 1727.06
1708903751, 10, 20, 34, 0, 0, 0.15%, 15, 0, 4, 2145.10
1708903756, 10, 32, 34, 0, 0, 0.15%, 16, 0, 4, 1982.55
1708903761, 11, 16, 34, 0, 0, 0.15%, 16, 0, 4, 1960.82
1708903766, 11, 28, 34, 0, 0, 0.15%, 16, 0, 4, 1960.71
1708903771, 12, 13, 34, 0, 0, 0.15%, 16, 0, 4, 2153.08
1708903776, 12, 27, 34, 0, 0, 0.15%, 16, 0, 4, 2069.17
1708903781, 13, 13, 35, 0, 0, 0.15%, 16, 0, 4, 2072.00
1708903786, 13, 26, 35, 0, 0, 0.15%, 16, 0, 4, 1821.33
1708903791, 13, 34, 35, 0, 0, 0.15%, 16, 0, 4, 1807.21
1708903797, 14, 18, 35, 0, 0, 0.15%, 16, 0, 4, 2028.59
1708903802, 14, 31, 35, 0, 0, 0.15%, 16, 0, 4, 1915.11
1708903807, 15, 8, 35, 0, 0, 0.15%, 16, 0, 4, 1816.73
1708903857, 15, 13, 35, 0, 0, 0.15%, 16, 0, 4, 0.12
1708903862, 15, 26, 35, 0, 0, 0.15%, 16, 0, 4, 1665.43
1708903886, 15, 32, 35, 0, 0, 0.15%, 16, 0, 4, 0.05
1708903891, 16, 16, 35, 0, 0, 0.15%, 16, 0, 4, 1802.41
1708903896, 16, 30, 35, 0, 0, 0.15%, 16, 0, 4, 2010.63
1708903901, 17, 9, 35, 0, 0, 0.15%, 16, 0, 4, 1877.89
1708903906, 17, 25, 35, 0, 0, 0.15%, 16, 0, 4, 1866.45
1708903912, 18, 4, 35, 0, 0, 0.15%, 16, 0, 4, 2060.03
1708903917, 18, 19, 35, 0, 0, 0.15%, 16, 0, 4, 1711.63
1708903922, 18, 32, 35, 0, 0, 0.15%, 16, 0, 4, 1919.59
1708903927, 19, 14, 35, 0, 0, 0.15%, 16, 0, 4, 1828.10
1708903932, 19, 26, 35, 0, 0, 0.15%, 16, 0, 4, 1642.43
1708903937, 19, 34, 35, 0, 0, 0.15%, 16, 0, 4, 1800.13
1708903942, 20, 20, 35, 0, 0, 0.15%, 16, 0, 4, 2028.73
1708903947, 20, 32, 35, 0, 0, 0.15%, 16, 0, 4, 2123.31
1708903952, 21, 17, 35, 0, 0, 0.15%, 16, 0, 4, 2090.27
1708903957, 21, 30, 35, 0, 0, 0.15%, 16, 0, 4, 1720.23
1708903962, 22, 14, 35, 0, 0, 0.15%, 16, 0, 4, 2073.56
1708903967, 22, 28, 35, 0, 0, 0.15%, 16, 0, 4, 2032.11
1708903972, 23, 9, 35, 0, 0, 0.15%, 16, 0, 4, 1957.06
1708903977, 23, 24, 35, 0, 0, 0.15%, 16, 0, 4, 1822.79
1708903983, 23, 32, 35, 0, 0, 0.15%, 16, 0, 4, 1606.69
1708903988, 24, 15, 35, 0, 0, 0.15%, 16, 0, 4, 1788.70
1708903993, 24, 27, 35, 0, 0, 0.15%, 16, 0, 4, 1814.67
1708903998, 25, 6, 35, 0, 0, 0.15%, 16, 0, 4, 1909.38
1708904003, 25, 24, 35, 0, 0, 0.15%, 16, 0, 4, 1969.86
1708904008, 25, 32, 35, 0, 0, 0.15%, 16, 0, 4, 1787.60
1708904013, 26, 13, 35, 0, 0, 0.15%, 16, 0, 4, 1603.99
1708904018, 26, 27, 35, 0, 0, 0.15%, 16, 0, 4, 1912.22
1708904023, 27, 6, 35, 0, 0, 0.15%, 16, 0, 4, 1698.65
1708904028, 27, 19, 35, 0, 0, 0.15%, 16, 0, 4, 1673.82
1708904034, 27, 32, 35, 0, 0, 0.15%, 16, 0, 4, 1801.38
1708904039, 28, 15, 35, 0, 0, 0.15%, 16, 0, 4, 1896.92
1708904044, 28, 27, 35, 0, 0, 0.15%, 16, 0, 4, 1723.56
1708904049, 29, 8, 35, 0, 0, 0.15%, 16, 0, 4, 1964.19
1708904054, 29, 24, 35, 0, 0, 0.15%, 16, 0, 4, 1758.85
1708904059, 29, 33, 35, 0, 0, 0.15%, 16, 0, 4, 1848.54
1708904064, 30, 18, 35, 0, 0, 0.15%, 17, 0, 4, 1932.32
1708904069, 30, 32, 35, 0, 0, 0.15%, 17, 0, 4, 2018.16
1708904075, 31, 13, 35, 0, 0, 0.15%, 17, 0, 4, 1817.07
1708904080, 31, 26, 35, 0, 0, 0.15%, 17, 0, 4, 1811.43
1708904085, 32, 6, 35, 0, 0, 0.15%, 17, 0, 4, 2050.04
1708904090, 32, 25, 35, 0, 0, 0.15%, 17, 0, 4, 2134.77
1708904095, 32, 34, 35, 0, 0, 0.15%, 17, 0, 4, 1998.12
1708904100, 33, 18, 35, 0, 0, 0.15%, 17, 0, 4, 1745.66
1708904105, 33, 31, 35, 0, 0, 0.15%, 17, 0, 4, 1725.41
1708904110, 34, 14, 35, 0, 0, 0.15%, 17, 0, 4, 1926.18
1708904115, 34, 26, 35, 0, 0, 0.15%, 17, 0, 4, 1783.58
1708904120, 35, 8, 35, 0, 0, 0.15%, 18, 0, 4, 2211.50
1708904125, 35, 24, 35, 0, 0, 0.15%, 18, 0, 4, 1900.51
1708904130, 36, 0, 35, 0, 0, 0.15%, 18, 0, 4, 2140.76
1708904135, 36, 16, 35, 0, 0, 0.15%, 18, 0, 4, 1774.90
1708904141, 36, 28, 35, 0, 0, 0.15%, 18, 0, 4, 1743.46
1708904146, 37, 6, 35, 0, 0, 0.15%, 18, 0, 4, 1769.45
1708904151, 37, 22, 35, 0, 0, 0.15%, 18, 0, 4, 1975.96
1708904156, 37, 33, 35, 0, 0, 0.15%, 18, 0, 4, 1959.63
1708904161, 38, 16, 35, 0, 0, 0.15%, 18, 0, 4, 1690.64
1708904166, 38, 28, 35, 0, 0, 0.15%, 18, 0, 4, 1699.17
1708904217, 38, 32, 35, 0, 0, 0.15%, 19, 0, 4, 0.08
1708904222, 39, 11, 35, 0, 0, 0.15%, 19, 0, 4, 1588.93
1708904277, 39, 18, 35, 0, 0, 0.15%, 19, 0, 4, 0.57
1708904282, 39, 31, 35, 0, 0, 0.15%, 19, 0, 4, 2003.61
1708904337, 40, 8, 35, 0, 0, 0.15%, 19, 0, 4, 0.08
1708904342, 40, 22, 35, 0, 0, 0.15%, 19, 0, 4, 1725.51
1708904397, 40, 31, 35, 0, 0, 0.15%, 19, 0, 4, 0.02
1708904402, 41, 15, 35, 0, 0, 0.15%, 19, 0, 4, 2139.07
1708904457, 41, 25, 35, 0, 0, 0.15%, 19, 0, 4, 0.02
1708904462, 41, 33, 35, 0, 0, 0.15%, 19, 0, 4, 1863.79
1708904517, 42, 11, 35, 0, 0, 0.15%, 19, 0, 4, 0.02
1708904522, 42, 24, 35, 0, 0, 0.15%, 19, 0, 4, 1557.42
1708904530, 42, 31, 35, 0, 0, 0.15%, 19, 0, 4, 0.84
1708904535, 43, 13, 35, 0, 0, 0.15%, 19, 0, 4, 1803.06
1708904540, 43, 25, 35, 0, 0, 0.15%, 19, 0, 4, 1581.81
1708904545, 43, 32, 35, 0, 0, 0.15%, 19, 0, 4, 1568.75
1708904550, 44, 16, 35, 0, 0, 0.15%, 19, 0, 4, 1901.26
1708904555, 44, 29, 35, 0, 0, 0.15%, 19, 0, 4, 1911.67
1708904560, 45, 8, 35, 0, 0, 0.15%, 19, 0, 4, 1833.82
1708904565, 45, 26, 35, 0, 0, 0.15%, 19, 0, 4, 1976.66
1708904570, 46, 1, 35, 0, 0, 0.15%, 19, 0, 4, 1832.08
1708904575, 46, 19, 35, 0, 0, 0.15%, 19, 0, 4, 1877.81
1708904580, 46, 33, 35, 0, 0, 0.15%, 19, 0, 4, 2174.67
1708904586, 47, 20, 35, 0, 0, 0.15%, 19, 0, 4, 2158.37
1708904591, 47, 32, 35, 0, 0, 0.15%, 19, 0, 4, 2158.50
1708904596, 48, 16, 35, 0, 0, 0.15%, 19, 0, 4, 1852.01
1708904601, 48, 30, 35, 0, 0, 0.15%, 19, 0, 4, 2166.01
1708904606, 49, 9, 35, 0, 0, 0.15%, 19, 0, 4, 1857.66
1708904611, 49, 26, 35, 0, 0, 0.15%, 19, 0, 4, 2136.73
1708904616, 50, 4, 35, 0, 0, 0.15%, 19, 0, 4, 2126.56
1708904621, 50, 19, 35, 0, 0, 0.15%, 19, 0, 4, 1825.33
1708904626, 50, 32, 35, 0, 0, 0.15%, 19, 0, 4, 1953.42
1708904631, 51, 10, 35, 0, 0, 0.15%, 19, 0, 4, 1687.32
1708904636, 51, 25, 35, 0, 0, 0.15%, 19, 0, 4, 1847.83
1708904641, 52, 3, 35, 0, 0, 0.15%, 19, 0, 4, 2015.58
1708904646, 52, 20, 35, 0, 0, 0.15%, 19, 0, 4, 1857.00
1708904680, 52, 25, 35, 0, 0, 0.15%, 19, 0, 4, 0.03
1708904685, 53, 1, 35, 0, 0, 0.15%, 19, 0, 4, 1921.55
1708904690, 53, 22, 35, 0, 0, 0.15%, 19, 0, 4, 2124.22
1708904695, 53, 33, 35, 0, 0, 0.15%, 19, 0, 4, 2042.66
1708904700, 54, 18, 35, 0, 0, 0.15%, 19, 0, 4, 2085.55
1708904706, 54, 32, 35, 0, 0, 0.15%, 19, 0, 4, 1975.13
1708904711, 55, 13, 35, 0, 0, 0.15%, 19, 0, 4, 1783.02
1708904716, 55, 26, 35, 0, 0, 0.15%, 19, 0, 4, 1791.47
1708904721, 56, 4, 35, 0, 0, 0.15%, 19, 0, 4, 1988.75
1708904726, 56, 22, 35, 0, 0, 0.15%, 19, 0, 4, 1918.56
1708904731, 56, 33, 35, 0, 0, 0.15%, 19, 0, 4, 1873.36
1708904736, 57, 18, 35, 0, 0, 0.15%, 20, 0, 4, 1883.54
1708904741, 57, 31, 35, 0, 0, 0.15%, 20, 0, 4, 1941.46
1708904746, 58, 10, 35, 0, 0, 0.15%, 20, 0, 4, 1756.97
1708904751, 58, 26, 35, 0, 0, 0.15%, 20, 0, 4, 1766.85
1708904756, 58, 34, 35, 0, 0, 0.15%, 20, 0, 4, 1680.81
1708904761, 59, 18, 35, 0, 0, 0.15%, 20, 0, 4, 1739.77
1708904766, 59, 32, 35, 0, 0, 0.15%, 20, 0, 4, 2145.65
1708904817, 59, 34, 35, 0, 0, 0.15%, 20, 0, 4, 0.04
1708904822, 60, 18, 35, 0, 0, 0.15%, 20, 0, 4, 1955.91
1708904877, 60, 26, 35, 0, 0, 0.15%, 20, 0, 4, 0.60
1708904882, 61, 6, 35, 0, 0, 0.15%, 20, 0, 4, 1941.50
1708904937, 61, 16, 35, 0, 0, 0.15%, 20, 0, 4, 0.02
1708904942, 61, 30, 35, 0, 0, 0.15%, 20, 0, 4, 1809.90
1708904997, 62, 3, 35, 0, 0, 0.15%, 20, 0, 4, 0.02
1708905002, 62, 24, 35, 0, 0, 0.15%, 20, 0, 4, 1983.54
1708905057, 62, 31, 35, 0, 0, 0.15%, 20, 0, 4, 0.77
1708905062, 63, 10, 35, 0, 0, 0.15%, 20, 0, 4, 1737.43
1708905117, 63, 24, 35, 0, 0, 0.15%, 20, 0, 4, 0.02
1708905122, 63, 32, 35, 0, 0, 0.15%, 20, 0, 4, 1886.17
1708905177, 64, 8, 35, 0, 0, 0.15%, 20, 0, 4, 0.02
1708905182, 64, 24, 35, 0, 0, 0.15%, 20, 0, 4, 1778.68
1708905237, 64, 31, 35, 0, 0, 0.15%, 20, 0, 4, 0.02
1708905242, 65, 14, 35, 0, 0, 0.15%, 20, 0, 4, 1939.06
1708905289, 65, 24, 35, 0, 0, 0.15%, 20, 0, 4, 0.02
1708905294, 65, 34, 35, 0, 0, 0.15%, 20, 0, 4, 1966.35
1708905299, 66, 18, 35, 0, 0, 0.15%, 20, 0, 4, 1810.73
1708905305, 66, 31, 35, 0, 0, 0.15%, 20, 0, 4, 1876.44
1708905310, 67, 9, 35, 0, 0, 0.15%, 20, 0, 4, 1679.19
1708905315, 67, 24, 35, 0, 0, 0.15%, 20, 0, 4, 1670.31
1708905320, 67, 32, 35, 0, 0, 0.15%, 20, 0, 4, 1753.21
1708905325, 68, 16, 35, 0, 0, 0.15%, 20, 0, 4, 2029.70
1708905330, 68, 32, 35, 0, 0, 0.15%, 20, 0, 4, 2268.81
1708905335, 69, 15, 35, 0, 0, 0.15%, 20, 0, 4, 2011.79
1708905340, 69, 28, 35, 0, 0, 0.15%, 20, 0, 4, 1858.09
1708905345, 70, 5, 35, 0, 0, 0.15%, 20, 0, 4, 1713.58
1708905350, 70, 18, 35, 0, 0, 0.15%, 20, 0, 4, 1617.60
1708905355, 70, 30, 35, 0, 0, 0.15%, 20, 0, 4, 1651.10
1708905360, 71, 6, 35, 0, 0, 0.15%, 20, 0, 4, 1507.93
1708905365, 71, 24, 35, 0, 0, 0.15%, 20, 0, 4, 1975.53
1708905371, 71, 33, 35, 0, 0, 0.15%, 20, 0, 4, 1885.22
1708905376, 72, 18, 35, 0, 0, 0.15%, 20, 0, 4, 2025.79
1708905381, 72, 31, 35, 0, 0, 0.15%, 20, 0, 4, 1796.01
1708905386, 73, 15, 35, 0, 0, 0.15%, 20, 0, 4, 2125.90
1708905391, 73, 27, 35, 0, 0, 0.15%, 20, 0, 4, 1792.76
1708905396, 74, 6, 35, 0, 0, 0.15%, 20, 0, 4, 1739.65
1708905401, 74, 24, 35, 0, 0, 0.15%, 20, 0, 4, 1736.05
1708905407, 74, 33, 35, 0, 0, 0.15%, 20, 0, 4, 1976.42
1708905412, 75, 17, 35, 0, 0, 0.15%, 20, 0, 4, 1979.78
1708905417, 75, 29, 35, 0, 0, 0.15%, 20, 0, 4, 1735.94
1708905422, 76, 10, 35, 0, 0, 0.15%, 20, 0, 4, 761.52
1708905427, 76, 25, 35, 0, 0, 0.15%, 20, 0, 4, 1616.14
1708905432, 77, 1, 35, 0, 0, 0.15%, 20, 0, 4, 1968.05
1708905437, 77, 22, 35, 0, 0, 0.15%, 20, 0, 4, 2138.83
1708905443, 77, 32, 35, 0, 0, 0.15%, 20, 0, 4, 1959.81
1708905448, 78, 15, 35, 0, 0, 0.15%, 20, 0, 4, 1892.34
1708905453, 78, 28, 35, 0, 0, 0.15%, 20, 0, 4, 1953.86
1708905458, 79, 4, 35, 0, 0, 0.15%, 20, 0, 4, 1673.38
1708905463, 79, 19, 35, 0, 0, 0.15%, 20, 0, 4, 1618.15
1708905468, 79, 32, 35, 0, 0, 0.15%, 20, 0, 4, 2037.45
1708905473, 80, 15, 35, 0, 0, 0.15%, 20, 0, 4, 1966.68
1708905478, 80, 29, 35, 0, 0, 0.15%, 20, 0, 4, 2111.60
1708905483, 81, 10, 35, 0, 0, 0.15%, 20, 0, 4, 2100.73
1708905537, 81, 22, 35, 0, 0, 0.15%, 20, 0, 4, 0.02
1708905542, 81, 33, 35, 0, 0, 0.15%, 20, 0, 4, 2002.11
1708905597, 82, 9, 35, 0, 0, 0.15%, 20, 0, 4, 0.02
1708905602, 82, 25, 35, 0, 0, 0.15%, 20, 0, 4, 1743.84
1708905657, 82, 32, 35, 0, 0, 0.15%, 20, 0, 4, 0.29
1708905662, 83, 17, 35, 0, 0, 0.15%, 20, 0, 4, 2031.44
1708905717, 83, 26, 35, 0, 0, 0.15%, 20, 0, 4, 0.10
1708905722, 84, 4, 35, 0, 0, 0.15%, 20, 0, 4, 1978.88
1708905777, 84, 16, 35, 0, 0, 0.15%, 20, 0, 4, 0.15
1708905782, 84, 28, 35, 0, 0, 0.15%, 20, 0, 4, 1571.26
1708905837, 84, 33, 35, 0, 0, 0.15%, 20, 0, 4, 0.17
1708905842, 85, 16, 35, 0, 0, 0.15%, 20, 0, 4, 2011.13
1708905897, 85, 27, 35, 0, 0, 0.15%, 20, 0, 4, 0.81
1708905902, 85, 34, 35, 0, 0, 0.15%, 20, 0, 4, 1745.10
1708905957, 86, 14, 35, 0, 0, 0.15%, 20, 0, 4, 0.02
1708905962, 86, 27, 35, 0, 0, 0.15%, 20, 0, 4, 1695.72
1708905990, 86, 32, 35, 0, 0, 0.15%, 20, 0, 4, 0.08
1708905995, 87, 13, 35, 0, 0, 0.15%, 20, 0, 4, 1505.15
1708906000, 87, 26, 35, 0, 0, 0.15%, 20, 0, 4, 1643.70
1708906005, 88, 3, 35, 0, 0, 0.15%, 20, 0, 4, 1793.63
1708906010, 88, 22, 35, 0, 0, 0.15%, 20, 0, 4, 2045.02
1708906015, 88, 33, 35, 0, 0, 0.15%, 20, 0, 4, 1893.33
1708906021, 89, 17, 35, 0, 0, 0.15%, 20, 0, 4, 1745.13
1708906026, 89, 31, 35, 0, 0, 0.15%, 20, 0, 4, 1946.68
1708906031, 90, 15, 35, 0, 0, 0.15%, 20, 0, 4, 2118.40
1708906036, 90, 29, 35, 0, 0, 0.15%, 20, 0, 4, 1989.77
1708906041, 91, 10, 35, 0, 0, 0.15%, 20, 0, 4, 1976.73
1708906046, 91, 26, 35, 0, 0, 0.15%, 20, 0, 4, 1892.92
1708906051, 92, 5, 35, 0, 0, 0.15%, 20, 0, 4, 2058.16
1708906056, 92, 24, 35, 0, 0, 0.15%, 20, 0, 4, 2009.82
1708906061, 92, 33, 35, 0, 0, 0.15%, 20, 0, 4, 1961.21
1708906066, 93, 16, 35, 0, 0, 0.15%, 20, 0, 4, 1781.73
1708906072, 93, 27, 35, 0, 0, 0.15%, 20, 0, 4, 1842.75
1708906077, 94, 9, 35, 0, 0, 0.15%, 20, 0, 4, 1993.33
1708906082, 94, 24, 35, 0, 0, 0.15%, 20, 0, 4, 1762.37
1708906087, 94, 32, 35, 0, 0, 0.15%, 20, 0, 4, 1748.43
1708906137, 94, 34, 35, 0, 0, 0.15%, 20, 0, 4, 0.02
1708906142, 95, 19, 35, 0, 0, 0.15%, 20, 0, 4, 1759.76
1708906197, 95, 27, 35, 0, 0, 0.15%, 20, 0, 4, 0.02
1708906202, 96, 5, 35, 0, 0, 0.15%, 20, 0, 4, 1601.76
1708906207, 96, 19, 35, 0, 0, 0.15%, 20, 0, 4, 1539.11
1708906212, 96, 31, 35, 0, 0, 0.15%, 20, 0, 4, 1836.39
1708906217, 97, 10, 35, 0, 0, 0.15%, 20, 0, 4, 1649.16
1708906222, 97, 26, 35, 0, 0, 0.15%, 20, 0, 4, 1987.74
1708906227, 98, 4, 35, 0, 0, 0.15%, 20, 0, 4, 2062.04
1708906232, 98, 20, 35, 0, 0, 0.15%, 20, 0, 4, 1905.61
1708906238, 98, 32, 35, 0, 0, 0.15%, 20, 0, 4, 1778.51
1708906243, 99, 16, 35, 0, 0, 0.15%, 20, 0, 4, 2164.56
1708906248, 99, 28, 35, 0, 0, 0.15%, 20, 0, 4, 1796.10
1708906253, 100, 3, 35, 0, 0, 0.15%, 20, 0, 4, 1611.61
1708906258, 100, 20, 35, 0, 0, 0.15%, 20, 0, 4, 1643.61
1708906263, 100, 32, 35, 0, 0, 0.15%, 20, 0, 4, 1976.24
1708906268, 101, 15, 35, 0, 0, 0.15%, 20, 0, 4, 1758.49
1708906317, 101, 18, 35, 0, 0, 0.15%, 20, 0, 4, 0.66
1708906322, 101, 31, 35, 0, 0, 0.15%, 20, 0, 4, 1905.36
1708906377, 102, 8, 35, 0, 0, 0.15%, 20, 0, 4, 0.06
1708906382, 102, 25, 35, 0, 0, 0.15%, 20, 0, 4, 2106.24
1708906437, 102, 31, 35, 0, 0, 0.15%, 20, 0, 4, 0.02
1708906442, 103, 8, 35, 0, 0, 0.15%, 20, 0, 4, 1469.47
1708906497, 103, 17, 35, 0, 0, 0.15%, 20, 0, 4, 0.58
1708906502, 103, 28, 35, 0, 0, 0.15%, 20, 0, 4, 1772.87
1708906557, 103, 33, 35, 0, 0, 0.15%, 20, 0, 4, 0.04
1708906562, 104, 19, 35, 0, 0, 0.15%, 20, 0, 4, 2033.35
1708906617, 104, 26, 35, 0, 0, 0.15%, 20, 0, 4, 0.52
1708906622, 104, 33, 35, 0, 0, 0.15%, 20, 0, 4, 1310.36
1708906677, 105, 11, 35, 0, 0, 0.15%, 20, 0, 4, 0.29
1708906682, 105, 27, 35, 0, 0, 0.15%, 20, 0, 4, 1964.30
1708906737, 105, 34, 35, 0, 0, 0.15%, 20, 0, 4, 0.02
1708906742, 106, 19, 35, 0, 0, 0.15%, 20, 0, 4, 1890.86
1708906747, 106, 31, 35, 0, 0, 0.15%, 20, 0, 4, 1696.95
1708906752, 107, 11, 35, 0, 0, 0.15%, 20, 0, 4, 1761.96
1708906757, 107, 24, 35, 0, 0, 0.15%, 20, 0, 4, 1617.69
1708906762, 107, 32, 35, 0, 0, 0.15%, 20, 0, 4, 1727.76
1708906767, 108, 17, 35, 0, 0, 0.15%, 20, 0, 4, 1781.54
1708906772, 108, 30, 35, 0, 0, 0.15%, 20, 0, 4, 1861.75
1708906777, 109, 10, 35, 0, 0, 0.15%, 20, 0, 4, 1871.39
1708906782, 109, 26, 35, 0, 0, 0.15%, 20, 0, 4, 1968.41
1708906788, 110, 3, 35, 0, 0, 0.15%, 20, 0, 4, 1864.72
1708906793, 110, 22, 35, 0, 0, 0.15%, 20, 0, 4, 1987.75
1708906798, 110, 32, 35, 0, 0, 0.15%, 20, 0, 4, 2053.36
1708906803, 111, 16, 35, 0, 0, 0.15%, 20, 0, 4, 1875.25
1708906808, 111, 28, 35, 0, 0, 0.15%, 20, 0, 4, 1712.86
1708906813, 112, 8, 35, 0, 0, 0.15%, 20, 0, 4, 1848.50
1708906818, 112, 22, 35, 0, 0, 0.15%, 20, 0, 4, 1751.20
1708906823, 112, 33, 35, 0, 0, 0.15%, 20, 0, 4, 1933.96
1708906828, 113, 17, 35, 0, 0, 0.15%, 20, 0, 4, 1875.87
1708906833, 113, 30, 35, 0, 0, 0.15%, 20, 0, 4, 1826.74
1708906838, 114, 8, 35, 0, 0, 0.15%, 20, 0, 4, 1622.28
1708906843, 114, 25, 35, 0, 0, 0.15%, 20, 0, 4, 1996.88
1708906848, 114, 34, 35, 0, 0, 0.15%, 20, 0, 4, 1967.02
1708906854, 115, 20, 35, 0, 0, 0.15%, 20, 0, 4, 1939.58
1708906859, 115, 31, 35, 0, 0, 0.15%, 20, 0, 4, 1619.43
1708906864, 116, 8, 35, 0, 0, 0.15%, 20, 0, 4, 1606.27
1708906869, 116, 25, 35, 0, 0, 0.15%, 20, 0, 4, 1976.49
1708906874, 116, 33, 35, 0, 0, 0.15%, 20, 0, 4, 1778.05
1708906879, 117, 17, 35, 0, 0, 0.15%, 20, 0, 4, 1836.80
1708906884, 117, 30, 35, 0, 0, 0.15%, 20, 0, 4, 1874.37
1708906889, 118, 9, 35, 0, 0, 0.15%, 20, 0, 4, 1844.95
1708906894, 118, 26, 35, 0, 0, 0.15%, 20, 0, 4, 1988.09
1708906899, 118, 34, 35, 0, 0, 0.15%, 20, 0, 4, 1680.62
1708906904, 119, 18, 35, 0, 0, 0.15%, 20, 0, 4, 1848.92
1708906909, 119, 30, 35, 0, 0, 0.15%, 20, 0, 4, 1730.11
1708906914, 120, 7, 35, 0, 0, 0.15%, 20, 0, 4, 1517.16
1708906919, 120, 22, 35, 0, 0, 0.15%, 20, 0, 4, 1641.18
1708906924, 120, 31, 35, 0, 0, 0.15%, 20, 0, 4, 1413.76
1708906929, 121, 15, 35, 0, 0, 0.15%, 20, 0, 4, 1969.02
1708906934, 121, 28, 35, 0, 0, 0.15%, 20, 0, 4, 1871.72
1708906939, 122, 11, 35, 0, 0, 0.15%, 20, 0, 4, 2233.23
1708906945, 122, 27, 35, 0, 0, 0.15%, 20, 0, 4, 2052.13
1708906950, 123, 6, 35, 0, 0, 0.15%, 20, 0, 4, 1941.15
1708906955, 123, 24, 35, 0, 0, 0.15%, 20, 0, 4, 1877.64
1708906960, 123, 33, 35, 0, 0, 0.15%, 20, 0, 4, 1840.30
1708906965, 124, 17, 35, 0, 0, 0.15%, 20, 0, 4, 1801.69
1708906970, 124, 31, 35, 0, 0, 0.15%, 20, 0, 4, 1911.12
1708906975, 125, 14, 35, 0, 0, 0.15%, 20, 0, 4, 2106.79
1708906980, 125, 27, 35, 0, 0, 0.15%, 20, 0, 4, 1970.16
1708906985, 126, 8, 35, 0, 0, 0.15%, 20, 0, 4, 2125.72
1708907037, 126, 16, 35, 0, 0, 0.15%, 20, 0, 4, 0.10
1708907042, 126, 30, 35, 0, 0, 0.15%, 20, 0, 4, 1853.53
1708907097, 126, 34, 35, 0, 0, 0.15%, 20, 0, 4, 0.02
1708907102, 127, 17, 35, 0, 0, 0.15%, 20, 0, 4, 1693.85
1708907157, 127, 26, 35, 0, 0, 0.15%, 20, 0, 4, 0.25
1708907162, 128, 1, 35, 0, 0, 0.15%, 20, 0, 4, 1863.06
1708907217, 128, 16, 35, 0, 0, 0.15%, 20, 0, 4, 0.02
1708907222, 128, 29, 35, 0, 0, 0.15%, 20, 0, 4, 1524.78
1708907277, 128, 33, 35, 0, 0, 0.15%, 20, 0, 4, 0.02
1708907282, 129, 18, 35, 0, 0, 0.15%, 20, 0, 4, 2171.87
1708907337, 129, 28, 35, 0, 0, 0.15%, 20, 0, 4, 0.02
1708907342, 130, 10, 35, 0, 0, 0.15%, 20, 0, 4, 2080.92
1708907397, 130, 19, 35, 0, 0, 0.15%, 20, 0, 4, 0.10
1708907402, 130, 31, 35, 0, 0, 0.15%, 20, 0, 4, 1791.84
1708907457, 130, 34, 35, 0, 0, 0.15%, 20, 0, 4, 0.02
1708907462, 131, 21, 35, 0, 0, 0.15%, 20, 0, 4, 1963.23
1708907517, 131, 29, 35, 0, 0, 0.15%, 20, 0, 4, 0.67
1708907522, 132, 7, 35, 0, 0, 0.15%, 20, 0, 4, 1690.48
1708907577, 132, 17, 35, 0, 0, 0.15%, 20, 0, 4, 0.02
1708907582, 132, 28, 35, 0, 0, 0.15%, 20, 0, 4, 1507.51
1708907637, 132, 32, 35, 0, 0, 0.15%, 20, 0, 4, 0.04
1708907642, 133, 15, 35, 0, 0, 0.15%, 20, 0, 4, 1582.24
1708907697, 133, 24, 35, 0, 0, 0.15%, 20, 0, 4, 0.02
1708907702, 133, 33, 35, 0, 0, 0.15%, 20, 0, 4, 1852.83
1708907757, 134, 10, 35, 0, 0, 0.15%, 20, 0, 4, 0.02
1708907762, 134, 26, 35, 0, 0, 0.15%, 20, 0, 4, 1845.25
1708907817, 134, 32, 35, 0, 0, 0.15%, 20, 0, 4, 0.40
1708907822, 135, 15, 35, 0, 0, 0.15%, 20, 0, 4, 1692.61
1708907877, 135, 25, 35, 0, 0, 0.15%, 20, 0, 4, 0.10
1708907882, 136, 2, 35, 0, 0, 0.15%, 20, 0, 4, 1958.29
1708907937, 136, 14, 35, 0, 0, 0.15%, 20, 0, 4, 0.02
1708907942, 136, 26, 35, 0, 0, 0.15%, 20, 0, 4, 1765.49
1708907997, 136, 31, 35, 0, 0, 0.15%, 20, 0, 4, 0.02
1708908002, 137, 10, 35, 0, 0, 0.15%, 20, 0, 4, 1535.22
1708908057, 137, 19, 35, 0, 0, 0.15%, 20, 0, 4, 0.02
1708908062, 137, 32, 35, 0, 0, 0.15%, 20, 0, 4, 1705.42
1708908117, 138, 8, 35, 0, 0, 0.15%, 20, 0, 4, 0.60
1708908122, 138, 26, 35, 0, 0, 0.15%, 20, 0, 4, 1986.25
1708908177, 138, 32, 35, 0, 0, 0.15%, 20, 0, 4, 0.69
1708908182, 139, 13, 35, 0, 0, 0.15%, 20, 0, 4, 1840.00
1708908237, 139, 20, 35, 0, 0, 0.15%, 20, 0, 4, 0.02
1708908242, 139, 31, 35, 0, 0, 0.15%, 20, 0, 4, 1458.61
1708908297, 140, 1, 35, 0, 0, 0.15%, 20, 0, 4, 0.02
1708908302, 140, 22, 35, 0, 0, 0.15%, 21, 0, 4, 2100.76
1708908328, 140, 31, 35, 0, 0, 0.15%, 21, 0, 4, 0.13
1708908333, 141, 13, 35, 0, 0, 0.15%, 21, 0, 4, 1985.75
1708908338, 141, 26, 35, 0, 0, 0.15%, 21, 0, 4, 1670.91
1708908343, 141, 34, 35, 0, 0, 0.15%, 21, 0, 4, 1677.31
1708908348, 142, 18, 35, 0, 0, 0.15%, 21, 0, 4, 1798.76
1708908353, 142, 32, 35, 0, 0, 0.15%, 21, 0, 4, 1965.25
1708908358, 143, 16, 35, 0, 0, 0.15%, 21, 0, 4, 2020.09
1708908363, 143, 29, 35, 0, 0, 0.15%, 21, 0, 4, 1982.92
1708908368, 144, 10, 35, 0, 0, 0.15%, 21, 0, 4, 1962.80
1708908373, 144, 26, 35, 0, 0, 0.15%, 21, 0, 4, 1828.38
1708908378, 145, 6, 35, 0, 0, 0.15%, 21, 0, 4, 2147.27
1708908383, 145, 22, 35, 0, 0, 0.15%, 21, 0, 4, 1941.61
1708908388, 145, 32, 35, 0, 0, 0.15%, 21, 0, 4, 1672.35
1708908394, 146, 10, 35, 0, 0, 0.15%, 21, 0, 4, 1608.72
1708908399, 146, 26, 35, 0, 0, 0.15%, 21, 0, 4, 1753.20
1708908404, 146, 33, 35, 0, 0, 0.15%, 21, 0, 4, 1730.18
1708908409, 147, 18, 35, 0, 0, 0.15%, 21, 0, 4, 1896.01
1708908414, 147, 31, 35, 0, 0, 0.15%, 21, 0, 4, 1820.84
1708908419, 148, 9, 35, 0, 0, 0.15%, 21, 0, 4, 1766.28
1708908424, 148, 25, 35, 0, 0, 0.15%, 21, 0, 4, 1867.84
1708908429, 148, 33, 35, 0, 0, 0.15%, 21, 0, 4, 1687.69
1708908434, 149, 16, 35, 0, 0, 0.15%, 21, 0, 4, 1813.82
1708908439, 149, 28, 35, 0, 0, 0.15%, 21, 0, 4, 1726.08
1708908445, 150, 8, 35, 0, 0, 0.15%, 21, 0, 4, 1746.72
1708908450, 150, 24, 35, 0, 0, 0.15%, 21, 0, 4, 1778.28
1708908455, 150, 33, 35, 0, 0, 0.15%, 21, 0, 4, 1870.21
1708908460, 151, 18, 35, 0, 0, 0.15%, 21, 0, 4, 2004.79
1708908465, 151, 30, 35, 0, 0, 0.15%, 21, 0, 4, 1781.56
1708908470, 152, 13, 35, 0, 0, 0.15%, 22, 0, 4, 1865.97
1708908475, 152, 26, 35, 0, 0, 0.15%, 22, 0, 4, 1819.01
1708908480, 152, 33, 35, 0, 0, 0.15%, 22, 0, 4, 1810.92
1708908485, 153, 18, 35, 0, 0, 0.15%, 22, 0, 4, 1759.87
1708908537, 153, 26, 35, 0, 0, 0.15%, 22, 0, 4, 0.77
1708908542, 153, 34, 35, 0, 0, 0.15%, 22, 0, 4, 1734.33
1708908597, 154, 11, 35, 0, 0, 0.15%, 22, 0, 4, 0.04
1708908602, 154, 24, 35, 0, 0, 0.15%, 22, 0, 4, 1772.72
1708908657, 154, 31, 35, 0, 0, 0.15%, 22, 0, 4, 0.02
1708908662, 155, 13, 35, 0, 0, 0.15%, 22, 0, 4, 1690.60
1708908717, 155, 19, 35, 0, 0, 0.15%, 22, 0, 4, 0.60
1708908722, 155, 31, 35, 0, 0, 0.15%, 22, 0, 4, 1765.63
1708908777, 156, 2, 35, 0, 0, 0.15%, 22, 0, 4, 0.02
1708908782, 156, 17, 35, 0, 0, 0.15%, 22, 0, 4, 1769.48
1708908837, 156, 26, 35, 0, 0, 0.15%, 22, 0, 4, 0.04
1708908842, 156, 34, 35, 0, 0, 0.15%, 22, 0, 4, 1679.79
1708908897, 157, 13, 35, 0, 0, 0.15%, 22, 0, 4, 0.62
1708908902, 157, 26, 35, 0, 0, 0.15%, 22, 0, 4, 2090.12
1708908957, 157, 32, 35, 0, 0, 0.15%, 22, 0, 4, 0.31
1708908962, 158, 13, 35, 0, 0, 0.15%, 22, 0, 4, 1524.77
1708909017, 158, 20, 35, 0, 0, 0.15%, 22, 0, 4, 0.02
1708909022, 158, 31, 35, 0, 0, 0.15%, 22, 0, 4, 1555.70
1708909077, 159, 6, 35, 0, 0, 0.15%, 22, 0, 4, 0.08
1708909082, 159, 24, 35, 0, 0, 0.15%, 22, 0, 4, 2046.28
1708909137, 159, 31, 35, 0, 0, 0.15%, 22, 0, 4, 0.79
1708909142, 160, 15, 35, 0, 0, 0.15%, 22, 0, 4, 2186.37
1708909197, 160, 24, 35, 0, 0, 0.15%, 22, 0, 4, 0.04
1708909202, 160, 32, 35, 0, 0, 0.15%, 22, 0, 4, 1688.49
1708909257, 161, 8, 35, 0, 0, 0.15%, 22, 0, 4, 0.65
1708909262, 161, 24, 35, 0, 0, 0.15%, 22, 0, 4, 1819.32
1708909317, 161, 31, 35, 0, 0, 0.15%, 22, 0, 4, 0.02
1708909322, 162, 14, 35, 0, 0, 0.15%, 22, 0, 4, 1872.85
1708909377, 162, 24, 35, 0, 0, 0.15%, 22, 0, 4, 0.12
1708909382, 162, 34, 35, 0, 0, 0.15%, 22, 0, 4, 1697.46
1708909437, 163, 14, 35, 0, 0, 0.15%, 22, 0, 4, 0.02
1708909442, 163, 26, 35, 0, 0, 0.15%, 22, 0, 4, 1537.32
1708909497, 163, 32, 35, 0, 0, 0.15%, 22, 0, 4, 0.04
1708909502, 164, 14, 35, 0, 0, 0.15%, 22, 0, 4, 1639.61
1708909557, 164, 24, 35, 0, 0, 0.15%, 22, 0, 4, 0.08
1708909562, 164, 32, 35, 0, 0, 0.15%, 22, 0, 4, 1714.75
1708909617, 165, 9, 35, 0, 0, 0.15%, 22, 0, 4, 0.65
1708909622, 165, 26, 35, 0, 0, 0.15%, 22, 0, 4, 2146.75
1708909677, 165, 32, 35, 0, 0, 0.15%, 22, 0, 4, 0.02
1708909682, 166, 16, 35, 0, 0, 0.15%, 22, 0, 4, 1924.25
1708909737, 166, 26, 35, 0, 0, 0.15%, 22, 0, 4, 0.02
1708909742, 167, 3, 35, 0, 0, 0.15%, 22, 0, 4, 1689.11
1708909797, 167, 16, 35, 0, 0, 0.15%, 22, 0, 4, 0.02
1708909802, 167, 28, 35, 0, 0, 0.15%, 22, 0, 4, 1699.92
1708909857, 167, 32, 35, 0, 0, 0.15%, 22, 0, 4, 0.02
1708909862, 168, 15, 35, 0, 0, 0.15%, 22, 0, 4, 1782.10
1708909917, 168, 25, 35, 0, 0, 0.15%, 22, 0, 4, 0.02
1708909922, 168, 33, 35, 0, 0, 0.15%, 22, 0, 4, 1811.44
1708909977, 169, 13, 35, 0, 0, 0.15%, 22, 0, 4, 0.02
1708909982, 169, 26, 35, 0, 0, 0.15%, 22, 0, 4, 1698.93
1708910037, 169, 32, 35, 0, 0, 0.15%, 22, 0, 4, 0.68
1708910042, 170, 14, 35, 0, 0, 0.15%, 22, 0, 4, 1644.74
1708910097, 170, 24, 35, 0, 0, 0.15%, 22, 0, 4, 0.17
1708910102, 171, 3, 35, 0, 0, 0.15%, 22, 0, 4, 1928.18
1708910157, 171, 16, 35, 0, 0, 0.15%, 22, 0, 4, 0.04
1708910162, 171, 30, 35, 0, 0, 0.15%, 22, 0, 4, 1986.05
1708910217, 172, 0, 35, 0, 0, 0.15%, 22, 0, 4, 0.71
1708910222, 172, 19, 35, 0, 0, 0.15%, 22, 0, 4, 1841.76
1708910277, 172, 27, 35, 0, 0, 0.15%, 22, 0, 4, 0.02
1708910282, 173, 6, 35, 0, 0, 0.15%, 22, 0, 4, 1889.56
1708910337, 173, 17, 35, 0, 0, 0.15%, 22, 0, 4, 0.02
1708910342, 173, 30, 35, 0, 0, 0.15%, 22, 0, 4, 1770.71
1708910397, 174, 2, 35, 0, 0, 0.15%, 22, 0, 4, 0.02
1708910402, 174, 22, 35, 0, 0, 0.15%, 22, 0, 4, 2021.41
1708910460, 174, 30, 35, 0, 0, 0.15%, 22, 0, 4, 0.02
1708910465, 175, 9, 35, 0, 0, 0.15%, 22, 0, 4, 1535.59
1708910470, 175, 24, 35, 0, 0, 0.15%, 22, 0, 4, 1602.88
1708910475, 175, 32, 35, 0, 0, 0.15%, 22, 0, 4, 1761.03
1708910480, 176, 15, 35, 0, 0, 0.15%, 22, 0, 4, 1638.50
1708910485, 176, 28, 35, 0, 0, 0.15%, 22, 0, 4, 1995.69
1708910490, 177, 5, 35, 0, 0, 0.15%, 22, 0, 4, 1775.87
1708910495, 177, 20, 35, 0, 0, 0.15%, 22, 0, 4, 1784.52
1708910500, 177, 32, 35, 0, 0, 0.15%, 22, 0, 4, 1775.61
1708910505, 178, 14, 35, 0, 0, 0.15%, 22, 0, 4, 1760.56
1708910510, 178, 27, 35, 0, 0, 0.15%, 22, 0, 4, 1709.88
1708910516, 179, 2, 35, 0, 0, 0.15%, 22, 0, 4, 1620.43
1708910521, 179, 20, 35, 0, 0, 0.15%, 22, 0, 4, 1728.74
1708910526, 179, 31, 35, 0, 0, 0.15%, 22, 0, 4, 1704.84
1708910531, 180, 9, 35, 0, 0, 0.15%, 22, 0, 4, 1630.20
1708910536, 180, 24, 35, 0, 0, 0.15%, 22, 0, 4, 1691.12
1708910541, 180, 34, 35, 0, 0, 0.15%, 22, 0, 4, 2040.74
1708910546, 181, 18, 35, 0, 0, 0.15%, 22, 0, 4, 1642.22
1708910551, 181, 30, 35, 0, 0, 0.15%, 22, 0, 4, 1703.88
1708910557, 182, 14, 35, 0, 0, 0.15%, 22, 0, 4, 2057.56
1708910562, 182, 28, 35, 0, 0, 0.15%, 22, 0, 4, 2058.77
1708910567, 183, 8, 35, 0, 0, 0.15%, 22, 0, 4, 1921.15
1708910572, 183, 24, 35, 0, 0, 0.15%, 22, 0, 4, 1699.07
1708910577, 183, 33, 35, 0, 0, 0.15%, 22, 0, 4, 1802.79
1708910582, 184, 18, 35, 0, 0, 0.15%, 22, 0, 4, 1932.48
1708910587, 184, 31, 35, 0, 0, 0.15%, 22, 0, 4, 1814.79
1708910637, 184, 32, 35, 0, 0, 0.15%, 22, 0, 4, 0.33
1708910642, 185, 15, 35, 0, 0, 0.15%, 22, 0, 4, 2005.56
1708910697, 185, 25, 35, 0, 0, 0.15%, 22, 0, 4, 0.02
1708910702, 185, 33, 35, 0, 0, 0.15%, 22, 0, 4, 1754.78
1708910757, 186, 16, 35, 0, 0, 0.15%, 22, 0, 4, 0.08
1708910762, 186, 29, 35, 0, 0, 0.15%, 22, 0, 4, 1760.66
1708910817, 186, 34, 35, 0, 0, 0.15%, 22, 0, 4, 0.02
1708910822, 187, 17, 35, 0, 0, 0.15%, 22, 0, 4, 1663.66
1708910877, 187, 25, 35, 0, 0, 0.15%, 22, 0, 4, 0.02
1708910882, 187, 33, 35, 0, 0, 0.15%, 22, 0, 4, 1663.67
1708910937, 188, 13, 35, 0, 0, 0.15%, 22, 0, 4, 0.71
1708910942, 188, 26, 35, 0, 0, 0.15%, 22, 0, 4, 1644.15
1708910997, 188, 31, 35, 0, 0, 0.15%, 22, 0, 4, 0.02
1708911002, 189, 14, 35, 0, 0, 0.15%, 22, 0, 4, 1997.19
1708911057, 189, 22, 35, 0, 0, 0.15%, 22, 0, 4, 0.02
1708911062, 189, 32, 35, 0, 0, 0.15%, 22, 0, 4, 1716.94
1708911456, 190, 9, 35, 0, 0, 0.15%, 22, 0, 4, 0.00
1708911461, 190, 27, 35, 0, 0, 0.15%, 22, 0, 4, 2315.26
1708911466, 191, 3, 35, 0, 0, 0.15%, 22, 0, 4, 1762.68
1708911879, 191, 9, 35, 0, 0, 0.15%, 22, 0, 4, 0.00
1708911884, 191, 21, 35, 0, 0, 0.15%, 22, 0, 4, 1282.29
1708911889, 191, 31, 35, 0, 0, 0.15%, 22, 0, 4, 1367.89
1708912281, 191, 32, 35, 0, 0, 0.15%, 22, 0, 4, 0.00
1708912286, 192, 26, 35, 0, 0, 0.15%, 22, 0, 4, 2985.23
1708912291, 193, 16, 35, 0, 0, 0.15%, 22, 0, 4, 3168.96
1708912296, 194, 4, 35, 0, 0, 0.15%, 22, 0, 4, 3170.01
1708912301, 194, 31, 35, 0, 0, 0.15%, 22, 0, 4, 3185.52
1708912306, 195, 24, 35, 0, 0, 0.15%, 22, 0, 4, 3182.40
1708912312, 196, 14, 35, 0, 0, 0.15%, 22, 0, 4, 3219.62
1708912317, 196, 33, 35, 0, 0, 0.15%, 22, 0, 4, 3087.47
1708912366, 196, 34, 35, 0, 0, 0.15%, 22, 0, 4, 1.23
1708912372, 197, 28, 35, 0, 0, 0.15%, 22, 0, 4, 3122.98
1708912426, 198, 7, 35, 0, 0, 0.15%, 22, 0, 4, 0.02
1708912431, 198, 31, 35, 0, 0, 0.15%, 22, 0, 4, 3162.44
1708912486, 199, 10, 35, 0, 0, 0.15%, 22, 0, 4, 0.02
1708912491, 199, 32, 35, 0, 0, 0.15%, 22, 0, 4, 3143.93
1708912546, 200, 15, 35, 0, 0, 0.15%, 22, 0, 4, 0.02
1708912552, 200, 33, 35, 0, 0, 0.15%, 22, 0, 4, 2867.64
1708912606, 201, 18, 35, 0, 0, 0.15%, 22, 0, 4, 0.02
1708912612, 202, 6, 35, 0, 0, 0.15%, 22, 0, 4, 2967.27
1708912666, 202, 22, 35, 0, 0, 0.15%, 22, 0, 4, 0.02
1708912672, 203, 10, 35, 0, 0, 0.15%, 22, 0, 4, 3061.71
1708912726, 203, 25, 35, 0, 0, 0.15%, 22, 0, 4, 1.17
1708912732, 204, 14, 35, 0, 0, 0.15%, 22, 0, 4, 3153.38
1708912786, 204, 28, 35, 0, 0, 0.15%, 22, 0, 4, 1.18
1708912792, 205, 18, 35, 0, 0, 0.15%, 22, 0, 4, 3098.50
1708912846, 205, 31, 35, 0, 0, 0.15%, 22, 0, 4, 0.33
1708912852, 206, 22, 35, 0, 0, 0.15%, 22, 0, 4, 3137.40
1708912906, 206, 32, 35, 0, 0, 0.15%, 22, 0, 4, 1.03
1708912912, 207, 24, 35, 0, 0, 0.15%, 22, 0, 4, 2797.57
1708912966, 207, 33, 35, 0, 0, 0.15%, 22, 0, 4, 0.02
1708912972, 208, 26, 35, 0, 0, 0.15%, 22, 0, 4, 3133.60
1708913026, 208, 33, 35, 0, 0, 0.15%, 22, 0, 4, 0.02
1708913031, 209, 27, 35, 0, 0, 0.15%, 22, 0, 4, 3131.66
1708913086, 210, 1, 35, 0, 0, 0.15%, 22, 0, 4, 0.02
1708913092, 210, 28, 35, 0, 0, 0.15%, 22, 0, 4, 3152.80
1708913146, 211, 9, 35, 0, 0, 0.15%, 22, 0, 4, 1.20
1708913152, 211, 32, 35, 0, 0, 0.15%, 22, 0, 4, 3142.30
1708914072, 212, 14, 35, 0, 0, 0.15%, 22, 0, 4, 0.00
1708914077, 212, 32, 35, 0, 0, 0.15%, 22, 0, 4, 3017.81
1708914082, 213, 27, 35, 0, 0, 0.15%, 22, 0, 4, 3135.67
1708914087, 214, 17, 35, 0, 0, 0.15%, 22, 0, 4, 3186.69
1708914092, 215, 5, 35, 0, 0, 0.15%, 22, 0, 4, 3112.99
1708914326, 215, 6, 35, 0, 0, 0.15%, 22, 0, 4, 0.00
1708914331, 215, 31, 35, 0, 0, 0.15%, 22, 0, 4, 2914.90
1708914336, 216, 24, 35, 0, 0, 0.15%, 22, 0, 4, 3092.09
1708914342, 217, 13, 35, 0, 0, 0.15%, 22, 0, 4, 3183.51
1708914347, 217, 33, 35, 0, 0, 0.15%, 22, 0, 4, 3066.44
1708914352, 218, 27, 35, 0, 0, 0.15%, 22, 0, 4, 3185.54
1708914357, 219, 17, 35, 0, 0, 0.15%, 22, 0, 4, 3093.39
1708914362, 220, 5, 35, 0, 0, 0.15%, 22, 0, 4, 3114.30
1708914367, 220, 30, 35, 0, 0, 0.15%, 22, 0, 4, 3021.84
1708914372, 221, 21, 35, 0, 0, 0.15%, 22, 0, 4, 3099.42
1708914378, 222, 10, 35, 0, 0, 0.15%, 22, 0, 4, 3067.16
1708914383, 222, 32, 35, 0, 0, 0.15%, 22, 0, 4, 3091.16
1708914388, 223, 26, 35, 0, 0, 0.15%, 22, 0, 4, 3049.95
1708914670, 224, 16, 35, 0, 0, 0.15%, 22, 0, 4, 3058.82
1708914676, 225, 2, 35, 0, 0, 0.15%, 22, 0, 4, 3147.88
1708914681, 225, 30, 35, 0, 0, 0.15%, 22, 0, 4, 3204.29
