# unix_time, cycles_done, cur_path, paths_total, pending_total, pending_favs, map_size, unique_crashes, unique_hangs, max_depth, execs_per_sec
1708903588, 0, 0, 2, 2, 2, 0.03%, 0, 0, 1, 2000.00
1708903593, 0, 8, 13, 5, 5, 0.06%, 1, 0, 3, 2926.41
1708903598, 2, 8, 14, 0, 0, 0.07%, 3, 0, 3, 3104.08
1708903603, 4, 7, 14, 0, 0, 0.07%, 5, 0, 3, 3090.52
1708903609, 6, 5, 15, 1, 0, 0.07%, 5, 0, 3, 3167.31
1708903614, 7, 14, 15, 0, 0, 0.07%, 5, 0, 3, 3170.72
1708903619, 9, 8, 15, 0, 0, 0.07%, 5, 0, 3, 3165.80
1708903624, 11, 4, 15, 0, 0, 0.07%, 5, 0, 3, 3105.37
1708903629, 12, 14, 15, 0, 0, 0.07%, 6, 0, 3, 3197.89
1708903634, 14, 11, 15, 0, 0, 0.07%, 6, 0, 3, 3188.99
1708903639, 15, 15, 26, 11, 2, 0.12%, 6, 0, 3, 2795.75
1708903644, 15, 15, 27, 12, 2, 0.12%, 6, 0, 3, 1926.90
1708903655, 15, 16, 31, 15, 13, 0.14%, 6, 0, 3, 1775.19
1708903665, 15, 17, 32, 15, 12, 0.14%, 7, 0, 3, 1535.23
1708903670, 15, 18, 32, 14, 11, 0.14%, 8, 0, 3, 1525.40
1708903675, 15, 18, 32, 14, 11, 0.14%, 9, 0, 3, 1516.60
1708903680, 15, 19, 32, 13, 10, 0.14%, 9, 0, 3, 1968.97
1708903685, 15, 19, 33, 14, 10, 0.14%, 9, 0, 4, 1572.36
1708903690, 15, 20, 34, 14, 10, 0.14%, 10, 0, 4, 1815.49
1708903695, 15, 22, 35, 14, 11, 0.15%, 11, 0, 4, 1537.02
1708903705, 15, 23, 35, 13, 10, 0.15%, 11, 0, 4, 1710.79
1708903716, 15, 24, 35, 12, 9, 0.15%, 12, 0, 4, 1991.09
1708903721, 15, 25, 35, 11, 9, 0.15%, 13, 0, 4, 1595.94
1708903731, 15, 26, 35, 10, 8, 0.15%, 13, 0, 4, 1776.32
1708903741, 15, 27, 35, 9, 7, 0.15%, 13, 0, 4, 1693.77
1708903746, 15, 29, 35, 8, 6, 0.15%, 13, 0, 4, 1847.36
1708903751, 15, 30, 35, 7, 5, 0.15%, 14, 0, 4, 1611.56
1708903761, 15, 31, 35, 6, 4, 0.15%, 15, 0, 4, 1848.35
1708903777, 15, 32, 35, 5, 3, 0.15%, 15, 0, 4, 1473.70
1708903787, 15, 33, 36, 5, 3, 0.15%, 15, 0, 4, 1830.29
1708903802, 15, 34, 36, 4, 2, 0.15%, 16, 0, 4, 1704.92
1708903862, 15, 35, 36, 3, 1, 0.15%, 16, 0, 4, 1910.24
1708903896, 16, 4, 36, 2, 0, 0.15%, 17, 0, 4, 1536.83
1708903901, 16, 16, 36, 2, 0, 0.15%, 17, 0, 4, 1692.53
1708903907, 16, 18, 36, 2, 0, 0.15%, 17, 0, 4, 1840.40
1708903912, 16, 23, 36, 2, 0, 0.15%, 17, 0, 4, 1623.12
1708903917, 16, 27, 36, 2, 0, 0.15%, 17, 0, 4, 1972.12
1708903922, 16, 31, 36, 2, 0, 0.15%, 17, 0, 4, 1670.65
1708903927, 16, 33, 36, 2, 0, 0.15%, 17, 0, 4, 1888.20
1708903932, 16, 34, 36, 2, 0, 0.15%, 17, 0, 4, 1928.37
1708903937, 17, 12, 36, 2, 0, 0.15%, 17, 0, 4, 1911.50
1708903942, 17, 17, 36, 2, 0, 0.15%, 17, 0, 4, 1721.46
1708903947, 17, 19, 36, 2, 0, 0.15%, 17, 0, 4, 1549.83
1708903952, 17, 25, 36, 2, 0, 0.15%, 17, 0, 4, 1549.67
1708903957, 17, 27, 36, 2, 0, 0.15%, 17, 0, 4, 1747.36
1708903962, 17, 31, 36, 2, 0, 0.15%, 17, 0, 4, 1473.61
1708903967, 17, 32, 36, 2, 0, 0.15%, 17, 0, 4, 1624.74
1708903973, 17, 33, 36, 2, 0, 0.15%, 17, 0, 4, 1601.74
1708903978, 18, 5, 36, 2, 0, 0.15%, 18, 0, 4, 1799.91
1708903983, 18, 18, 36, 2, 0, 0.15%, 18, 0, 4, 1910.32
1708903988, 18, 27, 36, 2, 0, 0.15%, 18, 0, 4, 1922.94
1708903993, 18, 32, 36, 2, 0, 0.15%, 18, 0, 4, 1747.46
1708903998, 19, 4, 36, 2, 0, 0.15%, 18, 0, 4, 1795.58
1708904003, 19, 17, 36, 2, 0, 0.15%, 18, 0, 4, 1688.53
1708904008, 19, 23, 36, 2, 0, 0.15%, 18, 0, 4, 1891.81
1708904013, 19, 31, 36, 2, 0, 0.15%, 18, 0, 4, 1966.39
1708904018, 19, 33, 36, 2, 0, 0.15%, 18, 0, 4, 1685.00
1708904023, 20, 12, 36, 2, 0, 0.15%, 18, 0, 4, 1830.83
1708904028, 20, 23, 36, 2, 0, 0.15%, 18, 0, 4, 2075.33
1708904033, 20, 31, 36, 2, 0, 0.15%, 18, 0, 4, 1742.95
1708904038, 20, 34, 36, 2, 0, 0.15%, 18, 0, 4, 1678.79
1708904043, 21, 15, 36, 2, 0, 0.15%, 18, 0, 4, 1873.46
1708904049, 21, 21, 36, 2, 0, 0.15%, 18, 0, 4, 1979.64
1708904054, 21, 22, 36, 1, 0, 0.15%, 18, 0, 4, 1989.63
1708904059, 21, 33, 36, 1, 0, 0.15%, 18, 0, 4, 1980.50
1708904064, 22, 12, 36, 1, 0, 0.15%, 18, 0, 4, 1685.70
1708904069, 22, 26, 36, 1, 0, 0.15%, 18, 0, 4, 1596.77
1708904074, 22, 35, 36, 1, 0, 0.15%, 18, 0, 4, 1697.13
1708904079, 23, 18, 36, 1, 0, 0.15%, 18, 0, 4, 1848.35
1708904084, 23, 26, 36, 1, 0, 0.15%, 18, 0, 4, 1556.43
1708904089, 23, 28, 36, 1, 0, 0.15%, 18, 0, 4, 1560.63
1708904094, 23, 33, 36, 0, 0, 0.15%, 18, 0, 4, 1546.72
1708904099, 24, 14, 36, 0, 0, 0.15%, 18, 0, 4, 1880.14
1708904105, 24, 30, 36, 0, 0, 0.15%, 18, 0, 4, 1901.56
1708904110, 25, 6, 36, 0, 0, 0.15%, 18, 0, 4, 1956.63
1708904115, 25, 23, 36, 0, 0, 0.15%, 18, 0, 4, 1795.79
1708904120, 25, 33, 36, 0, 0, 0.15%, 18, 0, 4, 1621.56
1708904125, 26, 13, 36, 0, 0, 0.15%, 18, 0, 4, 1669.60
1708904130, 26, 27, 36, 0, 0, 0.15%, 18, 0, 4, 1567.19
1708904135, 27, 6, 36, 0, 0, 0.15%, 18, 0, 4, 1979.72
1708904140, 27, 19, 36, 0, 0, 0.15%, 18, 0, 4, 1505.18
1708904145, 27, 34, 36, 0, 0, 0.15%, 18, 0, 4, 1885.63
1708904150, 28, 16, 36, 0, 0, 0.15%, 18, 0, 4, 1792.11
1708904155, 28, 30, 36, 0, 0, 0.15%, 18, 0, 4, 1575.77
1708904160, 29, 9, 36, 0, 0, 0.15%, 18, 0, 4, 2046.54
1708904165, 29, 26, 36, 0, 0, 0.15%, 18, 0, 4, 2042.25
1708904217, 29, 33, 36, 0, 0, 0.15%, 18, 0, 4, 0.02
1708904222, 30, 13, 36, 0, 0, 0.15%, 18, 0, 4, 1989.11
1708904277, 30, 25, 36, 0, 0, 0.15%, 18, 0, 4, 0.06
1708904282, 31, 1, 36, 0, 0, 0.15%, 18, 0, 4, 1857.79
1708904337, 31, 12, 36, 0, 0, 0.15%, 18, 0, 4, 0.02
1708904342, 31, 26, 36, 0, 0, 0.15%, 18, 0, 4, 2019.85
1708904397, 31, 32, 36, 0, 0, 0.15%, 18, 0, 4, 0.08
1708904402, 32, 7, 36, 0, 0, 0.15%, 18, 0, 4, 1473.15
1708904457, 32, 15, 36, 0, 0, 0.15%, 18, 0, 4, 0.02
1708904462, 32, 32, 36, 0, 0, 0.15%, 18, 0, 4, 1902.40
1708904517, 33, 0, 36, 0, 0, 0.15%, 18, 0, 4, 0.02
1708904522, 33, 19, 36, 0, 0, 0.15%, 18, 0, 4, 2175.99
1708904530, 33, 30, 36, 0, 0, 0.15%, 18, 0, 4, 0.21
1708904535, 34, 4, 36, 0, 0, 0.15%, 18, 0, 4, 1436.78
1708904540, 34, 23, 36, 0, 0, 0.15%, 18, 0, 4, 2023.10
1708904545, 34, 35, 36, 0, 0, 0.15%, 18, 0, 4, 1908.76
1708904550, 35, 17, 36, 0, 0, 0.15%, 18, 0, 4, 1807.18
1708904555, 35, 32, 36, 0, 0, 0.15%, 18, 0, 4, 1714.55
1708904560, 36, 10, 36, 0, 0, 0.15%, 18, 0, 4, 1820.16
1708904565, 36, 25, 36, 0, 0, 0.15%, 18, 0, 4, 1716.69
1708904571, 36, 34, 36, 0, 0, 0.15%, 18, 0, 4, 1819.83
1708904576, 37, 17, 36, 0, 0, 0.15%, 18, 0, 4, 1786.47
1708904581, 37, 30, 36, 0, 0, 0.15%, 18, 0, 4, 1538.55
1708904586, 38, 4, 36, 0, 0, 0.15%, 18, 0, 4, 1499.10
1708904591, 38, 18, 36, 0, 0, 0.15%, 18, 0, 4, 1580.80
1708904596, 38, 33, 36, 0, 0, 0.15%, 18, 0, 4, 1870.09
1708904601, 39, 10, 36, 0, 0, 0.15%, 18, 0, 4, 1664.76
1708904606, 39, 27, 36, 0, 0, 0.15%, 18, 0, 4, 1351.80
1708904611, 39, 35, 36, 0, 0, 0.15%, 18, 0, 4, 1473.35
1708904617, 40, 16, 36, 0, 0, 0.15%, 18, 0, 4, 1670.47
1708904622, 40, 32, 36, 0, 0, 0.15%, 18, 0, 4, 1949.48
1708904627, 41, 10, 36, 0, 0, 0.15%, 18, 0, 4, 1832.57
1708904632, 41, 24, 36, 0, 0, 0.15%, 18, 0, 4, 1979.66
1708904637, 41, 33, 36, 0, 0, 0.15%, 18, 0, 4, 1744.71
1708904642, 42, 13, 36, 0, 0, 0.15%, 18, 0, 4, 1623.24
1708904647, 42, 31, 36, 0, 0, 0.15%, 18, 0, 4, 1762.49
1708904685, 43, 5, 36, 0, 0, 0.15%, 18, 0, 4, 1660.57
1708904690, 43, 18, 36, 0, 0, 0.15%, 18, 0, 4, 1503.44
1708904695, 43, 32, 36, 0, 0, 0.15%, 18, 0, 4, 1642.57
1708904700, 44, 8, 36, 0, 0, 0.15%, 18, 0, 4, 1611.02
1708904705, 44, 23, 36, 0, 0, 0.15%, 18, 0, 4, 1767.49
1708904710, 45, 1, 36, 0, 0, 0.15%, 18, 0, 4, 2018.84
1708904715, 45, 18, 36, 0, 0, 0.15%, 18, 0, 4, 1992.91
1708904720, 45, 32, 36, 0, 0, 0.15%, 18, 0, 4, 1807.93
1708904725, 46, 11, 36, 0, 0, 0.15%, 18, 0, 4, 1945.48
1708904731, 46, 25, 36, 0, 0, 0.15%, 18, 0, 4, 1737.01
1708904736, 46, 35, 36, 0, 0, 0.15%, 18, 0, 4, 1852.63
1708904741, 47, 16, 36, 0, 0, 0.15%, 18, 0, 4, 1626.25
1708904746, 47, 32, 36, 0, 0, 0.15%, 18, 0, 4, 1869.20
1708904751, 48, 10, 36, 0, 0, 0.15%, 18, 0, 4, 1919.97
1708904756, 48, 27, 36, 0, 0, 0.15%, 18, 0, 4, 2055.36
1708904761, 49, 4, 36, 0, 0, 0.15%, 18, 0, 4, 2012.10
1708904766, 49, 18, 36, 0, 0, 0.15%, 18, 0, 4, 1651.17
1708904817, 49, 24, 36, 0, 0, 0.15%, 18, 0, 4, 0.33
1708904822, 49, 33, 36, 0, 0, 0.15%, 19, 0, 4, 1634.28
1708904877, 50, 8, 36, 0, 0, 0.15%, 19, 0, 4, 0.02
1708904882, 50, 22, 36, 0, 0, 0.15%, 19, 0, 4, 1209.89
1708904937, 50, 28, 36, 0, 0, 0.15%, 19, 0, 4, 0.60
1708904942, 51, 3, 36, 0, 0, 0.15%, 19, 0, 4, 1822.48
1708904997, 51, 13, 36, 0, 0, 0.15%, 19, 0, 4, 0.10
1708905002, 51, 26, 36, 0, 0, 0.15%, 19, 0, 4, 1605.23
1708905057, 51, 33, 36, 0, 0, 0.15%, 19, 0, 4, 0.27
1708905062, 52, 14, 36, 0, 0, 0.15%, 19, 0, 4, 2094.51
1708905117, 52, 22, 36, 0, 0, 0.15%, 19, 0, 4, 0.67
1708905122, 52, 34, 36, 0, 0, 0.15%, 19, 0, 4, 1915.31
1708905177, 53, 14, 36, 0, 0, 0.15%, 19, 0, 4, 0.02
1708905182, 53, 30, 36, 0, 0, 0.15%, 19, 0, 4, 1808.97
1708905237, 53, 34, 36, 0, 0, 0.15%, 19, 0, 4, 0.67
1708905242, 54, 14, 36, 0, 0, 0.15%, 19, 0, 4, 1502.23
1708905289, 54, 23, 36, 0, 0, 0.15%, 19, 0, 4, 0.72
1708905294, 54, 33, 36, 0, 0, 0.15%, 19, 0, 4, 1447.05
1708905299, 55, 12, 36, 0, 0, 0.15%, 19, 0, 4, 1621.11
1708905304, 55, 30, 36, 0, 0, 0.15%, 19, 0, 4, 1886.46
1708905309, 56, 9, 36, 0, 0, 0.15%, 19, 0, 4, 2073.07
1708905314, 56, 27, 36, 0, 0, 0.15%, 19, 0, 4, 2134.76
1708905320, 57, 6, 36, 0, 0, 0.15%, 19, 0, 4, 2099.60
1708905325, 57, 22, 36, 0, 0, 0.15%, 19, 0, 4, 1812.44
1708905330, 57, 32, 36, 0, 0, 0.15%, 19, 0, 4, 1559.86
1708905335, 58, 11, 36, 0, 0, 0.15%, 19, 0, 4, 1804.89
1708905340, 58, 26, 36, 0, 0, 0.15%, 19, 0, 4, 1847.64
1708905345, 59, 5, 36, 0, 0, 0.15%, 19, 0, 4, 2021.86
1708905350, 59, 24, 36, 0, 0, 0.15%, 19, 0, 4, 2161.19
1708905355, 59, 33, 36, 0, 0, 0.15%, 20, 0, 4, 2024.07
1708905360, 60, 18, 36, 0, 0, 0.15%, 20, 0, 4, 2229.80
1708905365, 60, 32, 36, 0, 0, 0.15%, 20, 0, 4, 1815.33
1708905370, 61, 8, 36, 0, 0, 0.15%, 20, 0, 4, 1720.51
1708905375, 61, 25, 36, 0, 0, 0.15%, 20, 0, 4, 1788.36
1708905380, 61, 34, 36, 0, 0, 0.15%, 20, 0, 4, 1957.60
1708905385, 62, 15, 36, 0, 0, 0.15%, 20, 0, 4, 1672.48
1708905391, 62, 32, 36, 0, 0, 0.15%, 20, 0, 4, 1996.98
1708905396, 63, 8, 36, 0, 0, 0.15%, 20, 0, 4, 1920.06
1708905401, 63, 25, 36, 0, 0, 0.15%, 20, 0, 4, 1936.59
1708905406, 63, 35, 36, 0, 0, 0.15%, 20, 0, 4, 1812.30
1708905411, 64, 17, 36, 0, 0, 0.15%, 20, 0, 4, 1813.43
1708905416, 64, 32, 36, 0, 0, 0.15%, 20, 0, 4, 1934.85
1708905421, 65, 10, 36, 0, 0, 0.15%, 20, 0, 4, 1865.87
1708905426, 65, 27, 36, 0, 0, 0.15%, 20, 0, 4, 1970.49
1708905431, 66, 2, 36, 0, 0, 0.15%, 20, 0, 4, 1867.37
1708905436, 66, 16, 36, 0, 0, 0.15%, 20, 0, 4, 1617.12
1708905441, 66, 32, 36, 0, 0, 0.15%, 20, 0, 4, 1836.30
1708905446, 67, 11, 36, 0, 0, 0.15%, 20, 0, 4, 1997.12
1708905452, 67, 30, 36, 0, 0, 0.15%, 20, 0, 4, 2010.97
1708905457, 68, 5, 36, 0, 0, 0.15%, 20, 0, 4, 1907.35
1708905462, 68, 25, 36, 0, 0, 0.15%, 20, 0, 4, 2009.49
1708905467, 68, 34, 36, 0, 0, 0.15%, 20, 0, 4, 1784.58
1708905472, 69, 17, 36, 0, 0, 0.15%, 20, 0, 4, 1896.31
1708905477, 69, 31, 36, 0, 0, 0.15%, 20, 0, 4, 1630.38
1708905482, 70, 7, 36, 0, 0, 0.15%, 20, 0, 4, 1733.13
1708905487, 70, 23, 36, 0, 0, 0.15%, 20, 0, 4, 2170.97
1708905537, 70, 25, 36, 0, 0, 0.15%, 20, 0, 4, 0.08
1708905542, 70, 35, 36, 0, 0, 0.15%, 20, 0, 4, 1746.35
1708905597, 71, 13, 36, 0, 0, 0.15%, 20, 0, 4, 0.02
1708905602, 71, 27, 36, 0, 0, 0.15%, 20, 0, 4, 1388.41
1708905657, 71, 33, 36, 0, 0, 0.15%, 20, 0, 4, 0.56
1708905662, 72, 10, 36, 0, 0, 0.15%, 20, 0, 4, 1823.29
1708905717, 72, 19, 36, 0, 0, 0.15%, 20, 0, 4, 0.02
1708905722, 72, 31, 36, 0, 0, 0.15%, 20, 0, 4, 1641.14
1708905777, 73, 2, 36, 0, 0, 0.15%, 20, 0, 4, 0.02
1708905782, 73, 22, 36, 0, 0, 0.15%, 20, 0, 4, 1817.86
1708905837, 73, 31, 36, 0, 0, 0.15%, 20, 0, 4, 0.02
1708905842, 74, 8, 36, 0, 0, 0.15%, 20, 0, 4, 1664.94
1708905897, 74, 18, 36, 0, 0, 0.15%, 20, 0, 4, 0.64
1708905902, 74, 33, 36, 0, 0, 0.15%, 20, 0, 4, 2033.50
1708905957, 75, 7, 36, 0, 0, 0.15%, 20, 0, 4, 0.29
1708905962, 75, 25, 36, 0, 0, 0.15%, 20, 0, 4, 1869.32
1708905990, 75, 32, 36, 0, 0, 0.15%, 20, 0, 4, 1.40
1708905995, 76, 12, 36, 0, 0, 0.15%, 20, 0, 4, 2075.95
1708906000, 76, 30, 36, 0, 0, 0.15%, 20, 0, 4, 2069.53
1708906005, 77, 4, 36, 0, 0, 0.15%, 20, 0, 4, 1843.70
1708906010, 77, 18, 36, 0, 0, 0.15%, 20, 0, 4, 1701.04
1708906015, 77, 31, 36, 0, 0, 0.15%, 20, 0, 4, 1635.97
1708906020, 78, 8, 36, 0, 0, 0.15%, 20, 0, 4, 1877.96
1708906025, 78, 25, 36, 0, 0, 0.15%, 20, 0, 4, 1743.13
1708906030, 78, 34, 36, 0, 0, 0.15%, 20, 0, 4, 1642.70
1708906035, 79, 13, 36, 0, 0, 0.15%, 20, 0, 4, 1596.16
1708906041, 79, 25, 36, 0, 0, 0.15%, 20, 0, 4, 1836.73
1708906046, 80, 1, 36, 0, 0, 0.15%, 20, 0, 4, 1859.53
1708906051, 80, 17, 36, 0, 0, 0.15%, 20, 0, 4, 1684.96
1708906056, 80, 31, 36, 0, 0, 0.15%, 20, 0, 4, 1601.04
1708906061, 81, 8, 36, 0, 0, 0.15%, 20, 0, 4, 1833.06
1708906066, 81, 25, 36, 0, 0, 0.15%, 20, 0, 4, 1855.79
1708906071, 82, 3, 36, 0, 0, 0.15%, 20, 0, 4, 1931.16
1708906076, 82, 16, 36, 0, 0, 0.15%, 20, 0, 4, 1553.88
1708906081, 82, 33, 36, 0, 0, 0.15%, 20, 0, 4, 2027.85
1708906086, 83, 13, 36, 0, 0, 0.15%, 20, 0, 4, 1928.33
1708906137, 83, 17, 36, 0, 0, 0.15%, 20, 0, 4, 0.02
1708906142, 83, 32, 36, 0, 0, 0.15%, 20, 0, 4, 1814.15
1708906197, 84, 4, 36, 0, 0, 0.15%, 20, 0, 4, 0.02
1708906202, 84, 19, 36, 0, 0, 0.15%, 20, 0, 4, 1960.50
1708906207, 84, 32, 36, 0, 0, 0.15%, 20, 0, 4, 2209.37
1708906212, 85, 12, 36, 0, 0, 0.15%, 20, 0, 4, 1935.74
1708906217, 85, 31, 36, 0, 0, 0.15%, 20, 0, 4, 2122.80
1708906222, 86, 8, 36, 0, 0, 0.15%, 20, 0, 4, 1848.96
1708906227, 86, 25, 36, 0, 0, 0.15%, 20, 0, 4, 1787.74
1708906232, 86, 35, 36, 0, 0, 0.15%, 21, 0, 4, 1916.50
1708906237, 87, 18, 36, 0, 0, 0.15%, 21, 0, 4, 1963.79
1708906243, 87, 31, 36, 0, 0, 0.15%, 21, 0, 4, 1600.88
1708906248, 88, 10, 36, 0, 0, 0.15%, 21, 0, 4, 2010.06
1708906253, 88, 29, 36, 0, 0, 0.15%, 21, 0, 4, 2049.40
1708906258, 89, 6, 36, 0, 0, 0.15%, 21, 0, 4, 2070.60
1708906263, 89, 19, 36, 0, 0, 0.15%, 21, 0, 4, 1642.94
1708906268, 89, 34, 36, 0, 0, 0.15%, 21, 0, 4, 2010.22
1708906317, 90, 5, 36, 0, 0, 0.15%, 21, 0, 4, 0.76
1708906322, 90, 22, 36, 0, 0, 0.15%, 21, 0, 4, 1788.15
1708906377, 90, 30, 36, 0, 0, 0.15%, 21, 0, 4, 0.02
1708906382, 91, 5, 36, 0, 0, 0.15%, 21, 0, 4, 1647.82
1708906437, 91, 18, 36, 0, 0, 0.15%, 21, 0, 4, 0.02
1708906442, 91, 33, 36, 0, 0, 0.15%, 21, 0, 4, 2177.55
1708906497, 92, 9, 36, 0, 0, 0.15%, 21, 0, 4, 0.02
1708906502, 92, 26, 36, 0, 0, 0.15%, 21, 0, 4, 1865.05
1708906557, 92, 34, 36, 0, 0, 0.15%, 21, 0, 4, 0.77
1708906562, 93, 15, 36, 0, 0, 0.15%, 21, 0, 4, 1819.92
1708906617, 93, 27, 36, 0, 0, 0.15%, 21, 0, 4, 0.02
1708906622, 94, 7, 36, 0, 0, 0.15%, 21, 0, 4, 1925.76
1708906677, 94, 17, 36, 0, 0, 0.15%, 21, 0, 4, 0.67
1708906682, 94, 32, 36, 0, 0, 0.15%, 21, 0, 4, 1908.91
1708906737, 94, 35, 36, 0, 0, 0.15%, 21, 0, 4, 0.62
1708906742, 95, 17, 36, 0, 0, 0.15%, 21, 0, 4, 1849.39
1708906747, 95, 31, 36, 0, 0, 0.15%, 21, 0, 4, 1897.41
1708906752, 96, 8, 36, 0, 0, 0.15%, 21, 0, 4, 1899.60
1708906757, 96, 25, 36, 0, 0, 0.15%, 21, 0, 4, 2024.88
1708906762, 96, 35, 36, 0, 0, 0.15%, 21, 0, 4, 1951.63
1708906767, 97, 16, 36, 0, 0, 0.15%, 21, 0, 4, 1780.27
1708906772, 97, 30, 36, 0, 0, 0.15%, 21, 0, 4, 1753.24
1708906777, 98, 6, 36, 0, 0, 0.15%, 21, 0, 4, 1761.35
1708906782, 98, 23, 36, 0, 0, 0.15%, 21, 0, 4, 1771.49
1708906787, 98, 34, 36, 0, 0, 0.15%, 21, 0, 4, 1945.82
1708906792, 99, 15, 36, 0, 0, 0.15%, 21, 0, 4, 1724.29
1708906798, 99, 30, 36, 0, 0, 0.15%, 21, 0, 4, 1647.54
1708906803, 100, 5, 36, 0, 0, 0.15%, 21, 0, 4, 1706.48
1708906808, 100, 23, 36, 0, 0, 0.15%, 21, 0, 4, 1996.24
1708906813, 100, 33, 36, 0, 0, 0.15%, 21, 0, 4, 1826.34
1708906818, 101, 16, 36, 0, 0, 0.15%, 21, 0, 4, 1989.87
1708906823, 101, 30, 36, 0, 0, 0.15%, 21, 0, 4, 1734.82
1708906828, 102, 6, 36, 0, 0, 0.15%, 21, 0, 4, 1810.07
1708906833, 102, 23, 36, 0, 0, 0.15%, 21, 0, 4, 1817.79
1708906838, 102, 35, 36, 0, 0, 0.15%, 21, 0, 4, 2016.94
1708906844, 103, 17, 36, 0, 0, 0.15%, 21, 0, 4, 1721.23
1708906849, 103, 32, 36, 0, 0, 0.15%, 21, 0, 4, 1803.04
1708906854, 104, 8, 36, 0, 0, 0.15%, 21, 0, 4, 1789.28
1708906859, 104, 27, 36, 0, 0, 0.15%, 21, 0, 4, 2162.54
1708906864, 105, 7, 36, 0, 0, 0.15%, 21, 0, 4, 2108.79
1708906869, 105, 22, 36, 0, 0, 0.15%, 21, 0, 4, 1774.16
1708906874, 105, 33, 36, 0, 0, 0.15%, 21, 0, 4, 1861.19
1708906879, 106, 16, 36, 0, 0, 0.15%, 21, 0, 4, 1862.76
1708906884, 106, 31, 36, 0, 0, 0.15%, 21, 0, 4, 1791.17
1708906889, 107, 9, 36, 0, 0, 0.15%, 21, 0, 4, 1795.93
1708906894, 107, 25, 36, 0, 0, 0.15%, 21, 0, 4, 1732.10
1708906900, 108, 2, 36, 0, 0, 0.15%, 21, 0, 4, 2031.36
1708906905, 108, 17, 36, 0, 0, 0.15%, 21, 0, 4, 1682.00
1708906910, 108, 33, 36, 0, 0, 0.15%, 21, 0, 4, 1987.70
1708906915, 109, 13, 36, 0, 0, 0.15%, 21, 0, 4, 1918.78
1708906920, 109, 30, 36, 0, 0, 0.15%, 21, 0, 4, 2117.31
1708906925, 110, 8, 36, 0, 0, 0.15%, 21, 0, 4, 2036.35
1708906930, 110, 23, 36, 0, 0, 0.15%, 21, 0, 4, 1694.99
1708906935, 110, 33, 36, 0, 0, 0.15%, 21, 0, 4, 1775.95
1708906941, 111, 12, 36, 0, 0, 0.15%, 21, 0, 4, 1458.48
1708906946, 111, 26, 36, 0, 0, 0.15%, 21, 0, 4, 1583.69
1708906951, 111, 35, 36, 0, 0, 0.15%, 21, 0, 4, 1738.91
1708906956, 112, 18, 36, 0, 0, 0.15%, 21, 0, 4, 1771.69
1708906961, 112, 32, 36, 0, 0, 0.15%, 21, 0, 4, 1835.02
1708906966, 113, 12, 36, 0, 0, 0.15%, 21, 0, 4, 1970.35
1708906971, 113, 26, 36, 0, 0, 0.15%, 21, 0, 4, 1950.03
1708906976, 113, 34, 36, 0, 0, 0.15%, 21, 0, 4, 1720.45
1708906981, 114, 17, 36, 0, 0, 0.15%, 21, 0, 4, 1821.66
1708906986, 114, 31, 36, 0, 0, 0.15%, 21, 0, 4, 1633.53
1708907037, 114, 33, 36, 0, 0, 0.15%, 22, 0, 4, 0.04
1708907042, 115, 14, 36, 0, 0, 0.15%, 22, 0, 4, 1790.94
1708907097, 115, 25, 36, 0, 0, 0.15%, 22, 0, 4, 0.79
1708907102, 115, 35, 36, 0, 0, 0.15%, 22, 0, 4, 1937.84
1708907157, 116, 15, 36, 0, 0, 0.15%, 22, 0, 4, 0.02
1708907162, 116, 30, 36, 0, 0, 0.15%, 22, 0, 4, 1634.51
1708907217, 116, 33, 36, 0, 0, 0.15%, 22, 0, 4, 0.56
1708907222, 117, 17, 36, 0, 0, 0.15%, 22, 0, 4, 1954.76
1708907277, 117, 30, 36, 0, 0, 0.15%, 22, 0, 4, 0.06
1708907282, 118, 3, 36, 0, 0, 0.15%, 22, 0, 4, 1393.61
1708907337, 118, 13, 36, 0, 0, 0.15%, 22, 0, 4, 0.60
1708907342, 118, 27, 36, 0, 0, 0.15%, 22, 0, 4, 1764.03
1708907397, 118, 33, 36, 0, 0, 0.15%, 22, 0, 4, 0.48
1708907402, 119, 16, 36, 0, 0, 0.15%, 22, 0, 4, 1997.24
1708907457, 119, 27, 36, 0, 0, 0.15%, 22, 0, 4, 0.12
1708907462, 120, 2, 36, 0, 0, 0.15%, 22, 0, 4, 1821.28
1708907517, 120, 13, 36, 0, 0, 0.15%, 22, 0, 4, 0.02
1708907522, 120, 31, 36, 0, 0, 0.15%, 22, 0, 4, 2132.50
1708907577, 120, 35, 36, 0, 0, 0.15%, 22, 0, 4, 0.71
1708907582, 121, 19, 36, 0, 0, 0.15%, 22, 0, 4, 2067.13
1708907637, 121, 31, 36, 0, 0, 0.15%, 22, 0, 4, 0.02
1708907642, 122, 9, 36, 0, 0, 0.15%, 22, 0, 4, 1922.22
1708907697, 122, 18, 36, 0, 0, 0.15%, 22, 0, 4, 0.67
1708907702, 122, 32, 36, 0, 0, 0.15%, 22, 0, 4, 2033.99
1708907757, 123, 5, 36, 0, 0, 0.15%, 22, 0, 4, 0.02
1708907762, 123, 18, 36, 0, 0, 0.15%, 22, 0, 4, 1839.39
1708907817, 123, 31, 36, 0, 0, 0.15%, 22, 0, 4, 0.02
1708907822, 124, 8, 36, 0, 0, 0.15%, 22, 0, 4, 2042.80
1708907877, 124, 17, 36, 0, 0, 0.15%, 22, 0, 4, 0.02
1708907882, 124, 31, 36, 0, 0, 0.15%, 22, 0, 4, 1658.86
1708907937, 125, 3, 36, 0, 0, 0.15%, 22, 0, 4, 0.02
1708907942, 125, 22, 36, 0, 0, 0.15%, 22, 0, 4, 2001.45
1708907997, 125, 32, 36, 0, 0, 0.15%, 22, 0, 4, 0.02
1708908002, 126, 13, 36, 0, 0, 0.15%, 22, 0, 4, 2111.90
1708908057, 126, 22, 36, 0, 0, 0.15%, 22, 0, 4, 0.02
1708908062, 126, 34, 36, 0, 0, 0.15%, 22, 0, 4, 1871.34
1708908117, 127, 8, 36, 0, 0, 0.15%, 22, 0, 4, 0.06
1708908122, 127, 23, 36, 0, 0, 0.15%, 22, 0, 4, 1704.14
1708908177, 127, 32, 36, 0, 0, 0.15%, 22, 0, 4, 0.73
1708908182, 128, 12, 36, 0, 0, 0.15%, 22, 0, 4, 1948.60
1708908237, 128, 25, 36, 0, 0, 0.15%, 22, 0, 4, 0.77
1708908242, 129, 3, 36, 0, 0, 0.15%, 22, 0, 4, 2284.28
1708908297, 129, 16, 36, 0, 0, 0.15%, 22, 0, 4, 0.02
1708908302, 129, 30, 36, 0, 0, 0.15%, 22, 0, 4, 1620.59
1708908328, 129, 33, 36, 0, 0, 0.15%, 22, 0, 4, 1.30
1708908333, 130, 11, 36, 0, 0, 0.15%, 22, 0, 4, 1387.46
1708908338, 130, 26, 36, 0, 0, 0.15%, 22, 0, 4, 1805.30
1708908343, 131, 4, 36, 0, 0, 0.15%, 22, 0, 4, 2010.87
1708908348, 131, 22, 36, 0, 0, 0.15%, 22, 0, 4, 1992.41
1708908353, 131, 33, 36, 0, 0, 0.15%, 22, 0, 4, 1775.55
1708908358, 132, 10, 36, 0, 0, 0.15%, 22, 0, 4, 1743.50
1708908363, 132, 26, 36, 0, 0, 0.15%, 22, 0, 4, 1760.05
1708908368, 132, 35, 36, 0, 0, 0.15%, 22, 0, 4, 1774.77
1708908373, 133, 18, 36, 0, 0, 0.15%, 23, 0, 4, 1894.31
1708908378, 133, 32, 36, 0, 0, 0.15%, 24, 0, 4, 1609.89
1708908384, 134, 8, 36, 0, 0, 0.15%, 24, 0, 4, 1806.00
1708908389, 134, 27, 36, 0, 0, 0.15%, 24, 0, 4, 2137.73
1708908394, 135, 5, 36, 0, 0, 0.15%, 24, 0, 4, 2018.95
1708908399, 135, 23, 36, 0, 0, 0.15%, 24, 0, 4, 1908.14
1708908404, 135, 35, 36, 0, 0, 0.15%, 24, 0, 4, 1975.88
1708908409, 136, 17, 36, 0, 0, 0.15%, 24, 0, 4, 1797.02
1708908414, 136, 32, 36, 0, 0, 0.15%, 24, 0, 4, 1901.26
1708908419, 137, 14, 36, 0, 0, 0.15%, 24, 0, 4, 1973.17
1708908425, 137, 31, 36, 0, 0, 0.15%, 24, 0, 4, 1854.78
1708908430, 138, 8, 36, 0, 0, 0.15%, 24, 0, 4, 1959.85
1708908435, 138, 23, 36, 0, 0, 0.15%, 24, 0, 4, 1721.96
1708908440, 138, 33, 36, 0, 0, 0.15%, 24, 0, 4, 1760.89
1708908445, 139, 17, 36, 0, 0, 0.15%, 24, 0, 4, 1809.66
1708908450, 139, 32, 36, 0, 0, 0.15%, 24, 0, 4, 1796.63
1708908456, 140, 8, 36, 0, 0, 0.15%, 24, 0, 4, 1845.88
1708908461, 140, 22, 36, 0, 0, 0.15%, 24, 0, 4, 1638.27
1708908466, 140, 33, 36, 0, 0, 0.15%, 25, 0, 4, 1751.96
1708908471, 141, 15, 36, 0, 0, 0.15%, 25, 0, 4, 1983.73
1708908476, 141, 31, 36, 0, 0, 0.15%, 25, 0, 4, 1930.43
1708908481, 142, 8, 36, 0, 0, 0.15%, 25, 0, 4, 1728.96
1708908486, 142, 25, 36, 0, 0, 0.15%, 25, 0, 4, 1921.09
1708908537, 142, 31, 36, 0, 0, 0.15%, 25, 0, 4, 0.04
1708908542, 143, 10, 36, 0, 0, 0.15%, 25, 0, 4, 2025.13
1708908597, 143, 22, 36, 0, 0, 0.15%, 25, 0, 4, 0.02
1708908602, 143, 34, 36, 0, 0, 0.15%, 25, 0, 4, 1931.74
1708908657, 144, 11, 36, 0, 0, 0.15%, 25, 0, 4, 0.29
1708908662, 144, 27, 36, 0, 0, 0.15%, 25, 0, 4, 1954.00
1708908717, 144, 35, 36, 0, 0, 0.15%, 25, 0, 4, 0.02
1708908722, 145, 18, 36, 0, 0, 0.15%, 25, 0, 4, 1810.57
1708908777, 145, 30, 36, 0, 0, 0.15%, 25, 0, 4, 0.02
1708908782, 146, 9, 36, 0, 0, 0.15%, 25, 0, 4, 1921.37
1708908837, 146, 18, 36, 0, 0, 0.15%, 25, 0, 4, 0.02
1708908842, 146, 34, 36, 0, 0, 0.15%, 25, 0, 4, 1895.05
1708908897, 147, 12, 36, 0, 0, 0.15%, 25, 0, 4, 0.72
1708908902, 147, 27, 36, 0, 0, 0.15%, 25, 0, 4, 1770.55
1708908957, 147, 33, 36, 0, 0, 0.15%, 25, 0, 4, 0.48
1708908962, 148, 17, 36, 0, 0, 0.15%, 25, 0, 4, 2283.71
1708909017, 148, 27, 36, 0, 0, 0.15%, 25, 0, 4, 0.23
1708909022, 149, 4, 36, 0, 0, 0.15%, 25, 0, 4, 1642.74
1708909077, 149, 15, 36, 0, 0, 0.15%, 25, 0, 4, 0.64
1708909082, 149, 27, 36, 0, 0, 0.15%, 25, 0, 4, 1457.90
1708909137, 149, 33, 36, 0, 0, 0.15%, 25, 0, 4, 0.04
1708909142, 150, 13, 36, 0, 0, 0.15%, 25, 0, 4, 1643.06
1708909197, 150, 25, 36, 0, 0, 0.15%, 25, 0, 4, 0.75
1708909202, 151, 2, 36, 0, 0, 0.15%, 25, 0, 4, 1840.83
1708909257, 151, 13, 36, 0, 0, 0.15%, 25, 0, 4, 0.02
1708909262, 151, 29, 36, 0, 0, 0.15%, 25, 0, 4, 1967.25
1708909317, 151, 33, 36, 0, 0, 0.15%, 25, 0, 4, 0.71
1708909322, 152, 15, 36, 0, 0, 0.15%, 25, 0, 4, 1862.35
1708909377, 152, 25, 36, 0, 0, 0.15%, 25, 0, 4, 0.02
1708909382, 152, 33, 36, 0, 0, 0.15%, 25, 0, 4, 1475.75
1708909437, 153, 8, 36, 0, 0, 0.15%, 25, 0, 4, 0.19
1708909442, 153, 26, 36, 0, 0, 0.15%, 25, 0, 4, 2158.87
1708909497, 153, 33, 36, 0, 0, 0.15%, 25, 0, 4, 0.58
1708909502, 154, 16, 36, 0, 0, 0.15%, 26, 0, 4, 2197.63
1708909557, 154, 25, 36, 0, 0, 0.15%, 26, 0, 4, 0.75
1708909562, 154, 35, 36, 0, 0, 0.15%, 26, 0, 4, 2058.66
1708909617, 155, 12, 36, 0, 0, 0.15%, 26, 0, 4, 0.02
1708909622, 155, 27, 36, 0, 0, 0.15%, 26, 0, 4, 1760.57
1708909677, 155, 33, 36, 0, 0, 0.15%, 26, 0, 4, 0.67
1708909682, 156, 12, 36, 0, 0, 0.15%, 26, 0, 4, 1656.32
1708909737, 156, 19, 36, 0, 0, 0.15%, 26, 0, 4, 0.02
1708909742, 156, 33, 36, 0, 0, 0.15%, 26, 0, 4, 1746.56
1708909797, 157, 3, 36, 0, 0, 0.15%, 26, 0, 4, 0.06
1708909802, 157, 23, 36, 0, 0, 0.15%, 26, 0, 4, 2118.72
1708909857, 157, 32, 36, 0, 0, 0.15%, 26, 0, 4, 0.17
1708909862, 158, 10, 36, 0, 0, 0.15%, 26, 0, 4, 1789.56
1708909917, 158, 19, 36, 0, 0, 0.15%, 26, 0, 4, 0.69
1708909922, 158, 33, 36, 0, 0, 0.15%, 26, 0, 4, 1803.02
1708909977, 159, 6, 36, 0, 0, 0.15%, 26, 0, 4, 0.66
1708909982, 159, 25, 36, 0, 0, 0.15%, 26, 0, 4, 2084.58
1708910037, 159, 33, 36, 0, 0, 0.15%, 26, 0, 4, 0.12
1708910042, 160, 13, 36, 0, 0, 0.15%, 26, 0, 4, 2119.03
1708910097, 160, 22, 36, 0, 0, 0.15%, 26, 0, 4, 0.02
1708910102, 160, 32, 36, 0, 0, 0.15%, 26, 0, 4, 1309.83
1708910157, 161, 4, 36, 0, 0, 0.15%, 26, 0, 4, 0.02
1708910162, 161, 18, 36, 0, 0, 0.15%, 26, 0, 4, 1713.83
1708910217, 161, 30, 36, 0, 0, 0.15%, 26, 0, 4, 0.58
1708910222, 162, 6, 36, 0, 0, 0.15%, 26, 0, 4, 2011.33
1708910277, 162, 17, 36, 0, 0, 0.15%, 26, 0, 4, 0.68
1708910282, 162, 32, 36, 0, 0, 0.15%, 26, 0, 4, 1898.62
1708910337, 163, 3, 36, 0, 0, 0.15%, 26, 0, 4, 0.02
1708910342, 163, 22, 36, 0, 0, 0.15%, 26, 0, 4, 1969.11
1708910397, 163, 31, 36, 0, 0, 0.15%, 26, 0, 4, 0.10
1708910402, 164, 6, 36, 0, 0, 0.15%, 26, 0, 4, 1717.67
1708910460, 164, 15, 36, 0, 0, 0.15%, 26, 0, 4, 0.02
1708910465, 164, 31, 36, 0, 0, 0.15%, 26, 0, 4, 1628.39
1708910470, 165, 7, 36, 0, 0, 0.15%, 26, 0, 4, 1797.80
1708910475, 165, 25, 36, 0, 0, 0.15%, 26, 0, 4, 1933.81
1708910480, 166, 3, 36, 0, 0, 0.15%, 26, 0, 4, 2059.30
1708910486, 166, 19, 36, 0, 0, 0.15%, 26, 0, 4, 1821.59
1708910491, 166, 33, 36, 0, 0, 0.15%, 26, 0, 4, 1955.74
1708910496, 167, 15, 36, 0, 0, 0.15%, 26, 0, 4, 1998.58
1708910501, 167, 31, 36, 0, 0, 0.15%, 26, 0, 4, 1860.54
1708910506, 168, 6, 36, 0, 0, 0.15%, 26, 0, 4, 1880.53
1708910511, 168, 23, 36, 0, 0, 0.15%, 26, 0, 4, 1902.28
1708910516, 168, 35, 36, 0, 0, 0.15%, 26, 0, 4, 1919.87
1708910521, 169, 18, 36, 0, 0, 0.15%, 26, 0, 4, 1969.82
1708910526, 169, 33, 36, 0, 0, 0.15%, 26, 0, 4, 2002.60
1708910531, 170, 16, 36, 0, 0, 0.15%, 26, 0, 4, 2096.50
1708910536, 170, 32, 36, 0, 0, 0.15%, 26, 0, 4, 1983.07
1708910542, 171, 6, 36, 0, 0, 0.15%, 26, 0, 4, 1796.76
1708910547, 171, 25, 36, 0, 0, 0.15%, 26, 0, 4, 1985.04
1708910552, 172, 1, 36, 0, 0, 0.15%, 26, 0, 4, 2054.73
1708910557, 172, 16, 36, 0, 0, 0.15%, 26, 0, 4, 1589.27
1708910562, 172, 31, 36, 0, 0, 0.15%, 26, 0, 4, 1647.77
1708910567, 173, 5, 36, 0, 0, 0.15%, 26, 0, 4, 1680.04
1708910572, 173, 23, 36, 0, 0, 0.15%, 26, 0, 4, 2029.90
1708910577, 173, 33, 36, 0, 0, 0.15%, 26, 0, 4, 1781.48
1708910582, 174, 15, 36, 0, 0, 0.15%, 26, 0, 4, 1765.56
1708910587, 174, 31, 36, 0, 0, 0.15%, 26, 0, 4, 1869.45
1708910642, 175, 8, 36, 0, 0, 0.15%, 26, 0, 4, 1830.01
1708910697, 175, 15, 36, 0, 0, 0.15%, 26, 0, 4, 0.02
1708910702, 175, 31, 36, 0, 0, 0.15%, 26, 0, 4, 1914.91
1708910757, 175, 34, 36, 0, 0, 0.15%, 26, 0, 4, 0.02
1708910762, 176, 17, 36, 0, 0, 0.15%, 26, 0, 4, 2028.51
1708910817, 176, 27, 36, 0, 0, 0.15%, 26, 0, 4, 0.02
1708910822, 177, 4, 36, 0, 0, 0.15%, 26, 0, 4, 1633.78
1708910877, 177, 16, 36, 0, 0, 0.15%, 26, 0, 4, 0.02
1708910882, 177, 32, 36, 0, 0, 0.15%, 26, 0, 4, 1988.10
1708910937, 178, 3, 36, 0, 0, 0.15%, 26, 0, 4, 0.02
1708910942, 178, 19, 36, 0, 0, 0.15%, 26, 0, 4, 1912.58
1708910997, 178, 30, 36, 0, 0, 0.15%, 26, 0, 4, 0.65
1708911002, 179, 5, 36, 0, 0, 0.15%, 26, 0, 4, 1745.94
1708911057, 179, 16, 36, 0, 0, 0.15%, 26, 0, 4, 0.02
1708911062, 179, 32, 36, 0, 0, 0.15%, 26, 0, 4, 1911.65
1708911456, 180, 4, 36, 0, 0, 0.15%, 26, 0, 4, 0.00
1708911461, 180, 17, 36, 0, 0, 0.15%, 26, 0, 4, 1325.43
1708911466, 180, 33, 36, 0, 0, 0.15%, 26, 0, 4, 2064.24
1708911879, 181, 4, 36, 0, 0, 0.15%, 26, 0, 4, 0.00
1708911884, 181, 16, 36, 0, 0, 0.15%, 26, 0, 4, 1308.70
1708911889, 181, 27, 36, 0, 0, 0.15%, 26, 0, 4, 1312.48
